814216375
814216635
814216642
814216902
814216918
814217071
814217790
814218006
814218038
814218127
814218287
814219058
814219332
814219460
814219492
814220046
814220142
814220644
814220733
814220765
814221995
814222136
814222450
814222467
814222474
814222727
814223487
814223882
814225417
814225666
814225876
814226266
814226280
814226654
814227368
814227489
814229718
814229747
814232785
814235564
814235856
814240077
814240351
814241296
814241325
814241485
814241955
814242306
814242822
814243002
814243059
814243194
814243707
814243785
814244008
814244015
814244111
814244556
814245341
814245900
814246354
814247082
814247552
814247634
814248469
814249425
814250534
814250580
814251127
814251725
814251974
814252752
814252816
814253345
814253402
814253473
814253669
814254116
814254326
814254365
814254696
814254714
814255047
814255200
814255314
814255710
815100085
815102702
815107980
815112080
815115532
815115589
815117572
815119420
815119630
815119954
815120127
815120771
815120892
815121154
815121745
815122053
815122740
815122982
815123237
815123244
815123283
815123415
815128259
815135467
815140400
815142134
815145899
815152559
815154130
815156019
815157620
815158918
815159062
815159532
815160716
816024562
816033472
816051641
816070232
816072482
816079039
816079893
816082028
816085483
816086119
816086432
816087160
816088508
816088515
816088593
816088764
816088999
816089161
816089193
816089204
816089236
816089421
816089485
816089503
816089631
816089649
816089656
816089688
816089720
816089814
816089827
816090199
816090548
816091422
816093551
816093829
816094126
816094475
816095118
816095488
816097286
816098630
816098840
816099497
816099643
816099700
816100526
816101674
816102744
816103091
816103305
816103928
816106027
816106034
816107570
816108238
816108409
816109190
816109404
816112449
816115948
817004445
817006567
817008874
817011272
817015580
817018391
817018968
817022393
817025188
817027757
817029676
817030179
817030212
817030714
817030753
817031339
817034050
817034246
817039268
817039866
817040085
817040110
817040128
817040200
817041301
817041721
817041739
817041810
817042136
817042638
817043245
817043455
817043505
817043945
817044183
817044354
817044361
817044589
817044849
817045004
817045253
817045463
817045869
817046526
817046558
817046661
817047343
817047610
817047998
817048089
817048616
817048826
817048880
817049198
817049351
817049675
817049839
817050389
817051683
817051690
817052109
817054672
817055322
817056260
817056488
817056495
817056919
817057298
817057387
817057768
817058852
817059257
817059954
817060472
817061229
817061421
817061738
817061765
817061834
817062060
817063504
817064531
817066183
817066525
817066742
817066968
817067285
817067641
817068387
817068793
817069375
817069635
817069709
817070160
817070185
817070858
817071270
817071508
817071942
817072325
817072439
817072745
817072873
817073523
817073690
817074130
817074187
817074874
817075111
817075199
817075225
817075241
817075410
817075606
817076455
817076462
817076544
817076665
817076893
817077105
817077607
817077888
817078869
817078933
817079704
817079736
817079896
817080457
817080521
817080653
817080891
817081178
817081445
817081491
817082198
817083147
817083439
817083492
817084943
817085220
817085618
817086136
817086606
817086759
817086937
817087284
817087697
817087836
817087850
818005450
818009840
818011229
818011510
818011948
818018070
818020452
818021746
818023231
818032508
818033478
818034861
818035066
818036481
818036506
818036887
818037099
818038468
818044026
818045516
818045651
818046162
818046600
818047715
818049315
818049849
819002005
819002585
819003445
819011641
819011883
819358072
819359128
819359808
819362430
819362448
819362793
819363137
819363315
819363361
819363557
819363703
819363756
819363781
819363817
819363888
819363977
819363984
819364029
819364036
819364075
819364082
819364100
819364189
819364285
819364367
819364374
819364449
819364456
819364470
819364552
819364566
819364748
819364755
819364762
819370270
819371828
819378139
819378153
819378445
819380396
819380670
819381142
819381231
819382130
819382493
819383410
819385354
819385525
819386616
819386659
819386984
819387921
819388941
819389438
819392434
819404566
819406108
819408867
819409136
819410697
819411799
819412367
819412470
819412618
819414375
820115092
820138785
820139182
820139190
820145242
820146636
820146821
820146942
820146981
820147084
820149408
820150015
820151658
820154113
820154234
820158916
820161296
820162213
820162576
820163315
820163347
820163963
820164989
820165483
820165693
820166795
820166959
820167025
820167267
820167420
820167461
820167514
820167541
820167598
820168390
820168846
820169282
820170021
820171760
820172595
820173423
820174072
820174125
820174176
820174297
820174315
820174429
820174482
820174532
820174799
820175075
820176120
820176587
820177254
820177440
820177592
820177610
820177731
820178153
820179757
820180670
820181199
820181270
820181288
820181783
820181936
820182618
820182778
820184067
820185233
820185952
820186350
820186618
820186627
820186755
820187113
820187202
820188247
820188838
820189420
820189630
820190084
820190508
820190636
820191135
820191332
820191340
820191761
820192181
820192249
820194517
820195811
820195843
820196112
820196639
821103520
821106790
821107682
821108108
821108186
821109021
821109256
821113112
821120835
821140426
821140497
821143707
821145900
821150370
821150880
821151807
821151903
821151935
821151942
821151974
821152186
821152193
821152243
821152282
821152318
821152414
821152439
821152605
821152656
821152916
821153181
821155759
821155983
821157386
821157607
821159088
821159750
821161598
821162134
821163599
821164822
821165229
821166385
821167528
821167996
821168557
821169196
821170004
821170120
821170693
821171457
821171489
821172751
821173091
821173910
821174460
821175338
821176237
821176290
821176326
821176867
821177257
821177595
821177727
821178131
821178989
822033886
822088224
822090225
822090378
822091423
822092475
822094540
822095090
822095101
822095222
822096304
822098179
822098193
822099847
822100000
822100331
822100491
822101020
822101173
822101807
822101981
822102446
822102528
822103092
822103562
822104365
822104543
822104600
822104714
822104753
822104867
822105022
822105225
822105264
822105271
822105378
822105428
822105442
822105467
822105524
822105606
822105638
822105652
822105677
822105741
822105855
822105887
822105912
822105976
822106010
822106067
822106131
822106269
822106430
822106512
822106601
822106779
822106875
822107062
822107945
822108278
822108367
822108417
822110051
822110197
822111559
822111687
822111865
822112369
822112547
822112696
822112846
822113364
822113859
822113873
822114128
822114224
822114509
822114651
822114822
822115155
822115372
822115397
822115949
822116937
822117284
822117334
822117380
822117626
822117683
822118087
822118137
822118258
822118863
822118967
822119869
822121101
822121838
822121852
822125594
822132592
822132610
822133783
822134668
822135617
822136085
822137290
822137504
822137550
822137746
822137867
822138307
822138346
822138702
822139312
822139398
822139576
822140176
822140289
822140895
822141171
822141723
822142070
822142775
822143012
822143172
822143375
822143553
822144930
822145013
822145141
822145846
822147135
822147360
822147466
822147683
822147772
822148002
822148671
822149677
822150131
822150327
822150366
822150525
822150829
823033202
823033679
823033832
823037503
823041455
823042297
823044775
823047675
823051638
823053482
823055362
823061333
823062403
823064265
823064607
823065584
823066298
823068947
823069910
823071459
823072123
823072301
823072422
823072810
823072853
823072867
823072949
823073008
823073022
823073054
823073061
823073079
823073086
823073093
823073111
823073143
823073168
823073175
823073378
823073474
823073588
823073620
823073638
823075169
823075226
823077024
823077177
823077469
823077635
823077818
823078788
823079107
823079370
823079662
823080337
823081268
823081802
823081880
823082573
823082701
823082758
823083059
823083244
823083707
823084403
823084780
823085067
823085544
823086308
823087189
823087239
823087488
823087709
823087787
823088184
823088394
823089396
823089514
823090000
823090203
823091141
823091814
823092161
823093320
823093620
823093861
823093911
823093936
824031535
824032968
824033568
824033714
824040541
824041369
824057626
824078168
824078321
824087690
824091678
824092584
824093633
824096337
824096383
824097357
824098060
824099904
824100547
824101866
824102847
824102982
824103640
824104677
824104684
824104691
824104727
824104855
824104862
824104871
824104894
824104924
824104937
824105238
824105260
824105277
824105423
824105551
824105672
824105722
824106105
824106112
824106361
824106518
824106621
824106660
824106692
824106913
824107698
824108422
824113224
824114792
824117151
824121242
824121729
824121737
824121961
824122006
824124516
824124548
824124822
824125034
824125227
824125397
824125874
824126289
824127544
824127715
824128023
824128078
824128379
824129075
824129303
824129367
824129812
824130002
824130451
824130540
824131934
824132146
824132356
824133294
824133892
824134154
824136415
824136550
824137451
824137595
824139226
824140157
824140239
824145421
824146249
824150226
824150906
824154242
824156097
824156134
824158194
824158511
824158575
824161087
824161804
824162050
824162075
824163070
824163424
824163825
824164140
824165018
824165616
824166458
824166999
825000254
825000820
825001467
825002561
825002604
825003282
825003503
825003827
825003948
825003987
825004110
825004576
825004605
825004911
825005657
825008062
825008074
825008639
825008678
825009335
825009869
825009997
825010608
825012477
825013287
825014909
825014923
825015797
825015886
825016162
825016397
825016874
825016970
825017271
825017289
825017848
825018633
825019308
825019678
825019685
825019692
825020488
825020520
825020709
825021088
825021298
825021451
825021800
825022101
825023192
825023452
825023922
825024020
825024695
825024771
825024892
825024942
825024981
825025923
825026758
825026968
825027408
825027696
825027760
825028200
825028549
825028862
825029583
825030219
825030653
825030817
825031246
825031709
825040996
825043729
825047866
825058108
825059523
825061136
825061232
825061620
825061661
825062640
825075221
825075602
825075730
825075876
825076070
825081726
825082148
825082251
825082326
825082721
825083061
825083104
825084672
825084747
825084996
825085226
825086004
825086043
825086762
825087298
825087704
825088101
825088838
825089541
825089662
825089872
825089887
825089947
825090223
825090611
825092078
825093187
825093760
825093810
825094129
825095010
825095099
825095104
825096498
825096938
825097566
825098469
825099101
825102526
825103496
825106357
825110067
825111280
825114553
825120360
825120809
825121220
825125980
825126461
825131194
825136311
825136610
825139559
825141172
825143448
825168167
825169012
825169165
825169560
825169902
825172962
825173740
825174924
825175175
825175517
825177849
825178812
825184498
825185269
825186684
825188443
825188920
825189545
825190686
825190907
825191126
825192452
825193999
825196116
825196194
825196319
825197093
825197638
825198836
825199354
825199621
825200493
825203678
825203984
825204805
825205227
825206188
825207986
825209065
825210231
825210498
825211098
825211461
825211504
825211657
825212392
825212905
825213188
825213544
825214945
825216622
825216871
825216921
825217440
825218317
825219180
825220624
825220752
825220791
825223022
825223111
825224964
825225183
825225436
825225824
825226132
825227273
825227580
825227686
825228521
825229979
825230383
825232174
825232480
825233059
825234321
825235494
825235569
825236190
825236285
825237762
825237940
825238017
825238259
825238355
825239165
825239215
825239418
825239447
825239813
825240018
825240121
825240203
825240527
825242453
825242503
825242567
825245200
825245248
825246398
825246957
825246964
825247646
825248794
825249106
825249540
825250165
825250941
825251947
825252270
825252586
825254078
825255689
825255714
825255842
825256150
825256346
825256773
825256780
825256976
825257149
825258190
825258653
825261101
825261286
825261578
825261966
825262057
825262406
825262801
825262840
825263694
825263757
825263839
825264236
825264243
825264268
825265142
825265167
825265263
825265391
825266244
825266290
825266415
825266835
825268487
825268626
825268640
825269009
825269169
825269233
825269240
825269863
825270100
825270239
825270335
825270367
825270470
825270563
825270602
825271024
825271120
825271191
825271622
825271768
825272037
825272076
825272083
825272311
825272514
825272521
825272700
825272845
825275971
825276249
825276637
825276861
825276950
825277644
825278143
825278225
825278264
825278595
825278684
825278766
825278887
825279793
825279850
825279918
825279925
825279964
825280120
825280322
825280614
825281118
825281164
825281310
825281506
825281552
825281716
825281940
825282202
825282234
825283119
825283304
825283628
825284363
825284460
825284662
825284729
825284954
825285141
825285458
825286179
825286607
825287256
825287345
825287651
825287975
825288080
825288116
825288194
825288582
825288881
825290537
825291354
825291984
825292901
825293647
825294051
825294261
825295032
825295776
825296287
825296327
825296497
825296700
825296999
825297229
825297318
825297446
825297880
825298053
825298936
825298943
825300643
825300718
825300860
825300885
825301631
825302377
825302516
825304111
825304200
825304613
825304727
825305050
825305373
825305811
825306386
825306393
825307075
825307513
825307890
825308152
825308298
825308572
825308825
825308978
825309012
825309037
825309247
825309507
825309560
825309701
825309756
825310025
825310491
825310915
825311110
825311675
825311771
825311853
825311860
825312325
825312542
825312977
825313110
825313992
825314434
825314803
825315022
825315314
825315360
825315467
825315727
825315848
825315983
825316327
825316380
825316633
825316722
825316896
825317094
825317105
825317482
825318417
825318577
825318602
825318627
825319348
825319889
825319907
825319978
825320101
825320197
825320208
825320222
825320286
825320425
825320521
825321242
825321491
825321598
825321623
825321979
825322173
825322180
825322198
825322390
825322885
825323065
825323236
825323439
825323631
825323695
825323994
825324014
825324313
825324480
825324612
825324637
825325066
825325073
825325116
825325212
825325358
825325696
825325874
825326346
825326392
825326506
825326556
825326588
825326691
825327035
825327131
825327334
825327448
825328494
825328500
825328557
825328824
825329253
825329367
825329449
825329495
825329634
825330160
825330241
825330394
825331090
825331119
825331239
825331343
825331425
825331770
825332307
825332331
825332484
825332630
825332961
825332979
825333013
825333322
825333337
825334204
825334236
825334396
825334670
825334916
825334962
825335384
825335854
825335975
825336899
825336949
825337061
825337232
825337662
825337715
825337823
825338010
825338163
825338925
825339016
825339272
825339653
825339863
825339977
825340278
825340374
825340456
825340634
825340775
825340869
825341001
825341063
825341106
825341191
825341241
825341362
825341647
825342546
825342653
825343712
825344465
825344718
825345193
825345446
825345880
825345987
825346110
825346320
825346473
825346822
825347027
825347187
825347276
825347340
825347582
825348360
825348385
825349081
825349291
825349544
825349786
825349836
825350183
825350393
825350571
825350692
825351142
825351424
825351520
825351563
825352056
825352280
825352298
825352394
825353236
825353806
825353852
825354025
825354114
825354840
825355390
825355508
825355547
825355725
825355910
825356407
825356510
825356528
825356574
825356791
825356873
825357007
825357110
825357167
825357530
825357605
825357815
825357968
825357975
825358251
825358397
825358493
825358931
825358956
825359168
825359200
825359875
825359937
825360010
825360245
825360366
825360551
825360868
825361906
825362004
825362100
825362239
825362278
825362431
825362513
825362890
825362965
825363056
825363095
825363120
825363191
825363394
825363437
825363647
825363857
825364158
825364813
825365153
825365513
825365527
825365648
825365993
825366038
825366084
825366118
825366465
825366629
825366700
825366807
825367040
825367236
825367396
825367503
825367599
825368046
825368427
825368683
825368701
825369276
825369486
825370079
825370727
825370905
825371067
825371220
825371455
825371682
825372287
825372525
825372728
825372817
825373342
825373463
825373709
825373829
825373965
825374437
825374451
825374615
825375051
825375165
825375425
825375756
825375860
825376025
825376445
825376609
825376722
825376737
825376986
825377020
825377885
825377903
825377981
825378001
825378058
825378268
825378859
825378873
825378962
825379466
825379509
825379626
825379733
825379765
825379847
825379994
825380130
825380155
825380340
825380899
825380949
825381061
825381197
825381346
825381727
825381734
825382156
825383030
825383361
825383496
825383518
825383653
825383703
825383774
825384036
825384171
825384292
825384449
825384513
825384762
825384997
825385063
825385501
825385526
825385565
825385864
825386005
825386101
825386197
825386286
825386700
825386717
825386877
825387559
825387979
825387986
825388369
825388419
825388440
825388814
825388821
825389346
825389389
825389414
825389948
825389962
825390092
825390217
825390263
825390391
825390562
825390929
825391109
825391415
825391486
825391596
825391828
825392093
825392136
825392168
825392264
825392385
825392410
825392613
825392645
825392870
825393188
825393334
825393398
825393416
825393527
825393708
825393850
825393882
825394055
825394219
825394475
825394589
825394621
825394742
825395171
825395303
825395310
825395495
825395545
825395602
825395997
825396017
825396405
825396768
825396782
825396864
825396889
825397539
825397628
825397667
825397674
825397788
825397959
825398032
825398096
825398178
825399045
825399159
825399223
825399324
825399376
825399440
825399611
825399718
825399745
825399928
825400451
825400686
825400750
825400825
825400864
825401012
825401215
825401382
826005699
826006598
826008670
826009509
826009605
826010575
826011360
826012708
826013190
826014762
826018141
826022061
826027820
826034900
826035870
826037177
826037540
826037633
826038140
826038927
826039420
826040967
826041268
826042676
826042701
826043511
826043575
826043664
826043714
826043721
826043739
826043792
826043803
826043835
826043874
826043881
826045494
826047538
826047901
826048095
826048113
826048227
826048679
826049090
826051515
826052478
826054269
826055248
826055481
826055773
826056195
826057105
826057126
826057571
826057692
826057728
826058883
826059588
826059800
826062390
826062458
826063080
826064950
827101490
827102507
827103420
827103865
827104351
827104860
827105916
827106936
827110913
827111424
827112661
827112693
827113507
827114324
827114744
827116791
827123729
827126910
827127670
827132518
827135457
827137320
827138026
827139847
827139975
827139997
827141951
827146980
827161968
827167280
827168184
827170052
827174717
827175170
827175680
827176938
827177068
827180235
827181942
827182784
827182841
827182866
827182880
827182916
827183103
827183153
827183217
827183263
827183384
827183391
827183411
827183459
827183587
827183719
827183726
827183740
827183808
827183847
827183886
827183929
827183936
827183982
827183995
827184016
827184080
827184123
827184179
827184212
827184753
827184931
827185983
827189907
827190197
827190343
827192579
827193058
827194270
827194555
827195080
827195963
827196307
827196734
827197327
827200524
827201124
827201206
827201633
827201940
827202906
827204412
827204985
827205140
827205400
827205592
827205959
827206502
827206541
827206986
827207134
827207821
827208389
827209306
827209562
827209637
827209893
827210415
827210461
827210803
827210899
827210917
827211507
827213009
827213646
827214189
827214577
827214926
827216368
827216902
827219300
827219713
827220562
827223601
827224258
827225214
827225709
827226323
827226355
827226405
827226597
827227425
827227514
827227681
827227891
827228299
827228484
827229629
827229700
827229846
827230738
827231174
827231256
827231911
827232059
827232148
827232162
827233047
827233410
827233780
827233894
827233925
827233976
827234238
827234932
827234989
827235169
827236776
827236890
827237412
827237451
827238418
827238425
827238585
827238966
828001120
828010289
828010871
828011409
828013374
828014871
828026076
828026941
828039305
828042671
828046399
828049623
828049662
828049769
828049801
828049819
828049833
828050287
828050344
828050369
828050440
828050472
828054257
828055829
828056087
828057919
828062371
828063345
828063384
828064148
828064433
828067183
828068260
828068591
828069501
828069597
828069921
828071712
828072006
828072878
828073115
828074466
829006429
829007965
829011480
829014618
829020133
829032388
829033878
829046199
829052138
829053806
829053852
829053917
829053966
829053973
829054018
829054139
829054185
829054192
829054274
829054281
829054395
829062869
829064471
829065107
829065388
829065744
829065858
829068249
829068683
829068861
829069760
829069931
829070339
829075717
829076573
829084716
829087032
829087363
829091319
829091365
829091511
829091568
829091714
829095157
829095775
829098491
829098559
829098751
829098947
829099216
829099376
829100572
829100939
829100978
829101090
829101158
829101165
829101980
829104617
829105007
829105669
829105690
829108551
829108804
829112934
829113121
829113776
829113819
829115268
829115688
829116181
829117493
829118218
829119081
829119163
829119544
829119843
829120354
829120564
830105641
830135474
830137411
830138075
830139234
830139316
830141114
830146467
830151652
830152502
830154713
830156721
830158099
830158291
830159767
830160303
830160328
830161070
830161405
830162642
830163452
830163484
830163840
830163887
830166352
830166384
830166530
830166575
830166676
830166780
830166943
830167187
830170468
830170742
830173667
830173681
830173699
830173891
830174267
830175860
830176193
830176955
830185993
830186273
830186287
830187802
830188053
830188110
830188367
830188637
830189600
830189856
830190257
830190410
830190588
830190595
830190638
830191341
830191868
830192062
830192127
830192500
830192525
830193374
830193552
830194394
830194608
830194647
830195051
830195293
830197700
830198492
830199256
831000013
831001019
831001414
831001624
831001880
831002936
831002982
831003290
831004524
831004894
831007303
831007431
831007919
831008330
831010331
831012186
831012300
831012656
831013270
831013530
831013594
831014397
831015595
831015922
831016957
831018584
831020005
831020464
831021185
831021986
831022255
831022643
831022892
831023108
831023325
831024270
831024683
831024950
831024975
831025422
831025970
831026232
831026428
831026702
831026780
831027206
831027683
831027964
831028112
831029011
831029075
831029356
831029409
831029520
831030070
831030088
831030280
831030580
831030857
831031005
831031076
831031560
831032406
831032616
831032790
831032872
831032908
831033134
831033223
831033344
831033935
831034115
831034720
831035352
831035480
831035765
831035886
831035904
831036162
831036625
831037378
831038583
831038892
831039023
831039272
831039557
831039571
831039817
831039906
831040520
831040538
831040723
831040901
831041280
831041355
831041608
831042375
831042432
831042934
831043541
831043694
831044134
831044351
831044530
831045154
831045275
831045656
831045695
831045713
831045909
831046459
831046530
831046683
831046822
831047632
831047874
831048086
831048150
831048244
831048289
831048403
831048499
831048563
831048645
831048912
831049188
831049551
831049900
831049925
831050646
831051463
831051787
831052210
831052483
831053165
831053546
831053845
831053902
831054242
831054559
831054566
831055821
831056535
831056574
831057085
831057181
831057982
831058543
831060081
831062933
831063095
831063280
831063387
831065406
831065527
831067001
831067236
831068174
831068295
831068621
831068772
831069333
831069493
831069988
831070030
831070570
831071003
831072123
831072183
831072589
831074164
831074451
831075813
831077223
831078236
831079669
831080237
831081531
831081905
831083870
831085095
831085693
831085750
831086717
831089923
831090555
831091595
831091810
831092798
831093052
831093277
831093583
831093932
831093947
831094799
831095342
831095520
831095698
831096145
831099141
831099981
831101368
831101539
831101724
831102801
831102833
831102915
831103369
831103846
831105224
831105411
831106874
831107296
831107912
831108156
831108423
831108455
831108786
831109692
831109888
831110050
831110100
831112560
831113527
831114458
831114604
831115131
831115211
831115706
831115909
831115948
831116313
831116594
831116765
831116879
831116904
831117212
831117479
831117600
831118182
831118499
831118780
831119487
831120393
831121602
831121709
831121827
831121837
831121883
831123610
831123910
831123934
831124146
831124573
831125020
831125127
831125134
831125547
831125771
831126001
831126179
831126695
831126955
831127384
831127758
831128187
831128358
831129175
831129442
831129481
831129951
831130263
831130708
831131023
831131265
831132141
831132926
831133372
831133394
831133686
831134806
831134861
831135281
831135833
831136337
831137001
831137211
831138046
831138092
831138360
831138548
831138701
831138815
831138854
831138911
831140474
831140524
831140570
831140638
831141051
831142756
831142767
831142961
831143488
831143506
831143627
831143730
831143748
831144177
831144316
831144533
831144540
831144597
831144825
831145140
831145546
831146096
831146737
831146826
831147294
831147604
831147690
831148132
831148282
831148898
831148955
831149135
831149142
831149174
831149516
831149690
831150194
831150504
831151047
831151200
831152206
831152416
831152430
831152512
831152722
831152925
831152957
831152996
831153151
831153190
831153646
831154125
831154335
831154926
831155316
831155405
831156208
831157042
831157370
831157463
831157484
831157840
831158472
831158554
831159439
831159916
831160548
831160651
831160669
831161461
831162054
831162175
831162232
831162435
831163170
831163284
831163829
831163925
831164009
831164151
831164571
831165142
831165164
831165449
831165616
831165627
831165901
831166152
831166355
831167101
831167183
831167311
831167400
831167700
831167813
831167973
831168032
831168071
831168203
831168299
831168420
831169013
831169134
831169141
831169180
831169248
831169433
831169482
831169561
831169814
831169853
831169860
831169935
831170389
831170542
831170649
831170670
831170916
831170962
831171498
831171893
831172066
831172174
831172290
831172372
831172380
831172454
831172778
831172874
831172881
831172917
831173346
831173894
831174131
831174868
831175009
831175176
831175272
831175571
831175781
831176328
831176851
831176883
831176901
831177266
831177501
831178286
831178763
831178941
831179160
831179534
831180111
831180771
831180903
831181001
831181040
831181154
831181211
831181357
831181460
831181670
831181873
831182498
831182516
831183251
831183422
831183828
831184691
831184798
831184912
831185170
831185708
831185793
831185957
831186265
831186322
831186468
831186703
831186977
831187140
831187157
831187292
831187709
831188056
831188597
831188615
831188711
831188800
831189368
831189927
831190114
831190210
831190281
831190954
831190986
831191084
831191115
831191369
831191636
831191853
831192058
831192670
831192898
831192916
831193174
831193384
831193434
831193480
831193835
831193893
831194080
831194422
831194447
831194529
831194835
831194970
831195175
831195455
831195481
831195531
831195905
831196359
831196430
831196836
831196918
831196964
831197062
831197436
831197532
831197742
831197920
831197952
831198214
831198292
831198431
831198591
831198602
831198869
831199017
831199405
831199661
831199921
831200067
831200416
831200708
831200804
831200900
831201692
831201913
831201991
831202043
831202075
831202335
831202406
831202456
831202627
831202762
831202883
831203444
831203526
831203540
831203565
831203654
831203711
831204083
831204140
831204553
831204966
831205057
831205064
831205121
831205139
831205235
831206127
831206134
831206173
831206472
831206878
831206967
831207065
831207713
831207761
831208092
831208637
831208861
831209098
831209194
831209415
831209568
831209970
831210061
831210086
831210104
831210392
831210691
831210848
831210862
831211170
831211220
831211284
831211779
831212105
831212614
831212849
831213004
831213036
831213100
831213118
831213805
831213919
831214259
831214273
831214330
831214348
831214451
831214565
831214630
831214857
831214960
831215037
831215044
831215101
831216121
831216153
831216203
831216783
831216954
831217077
831217458
831217611
831218019
831218492
831218663
831218791
831219167
831219306
831219562
831220187
831221677
831221741
831221773
831221905
831221920
831222131
831222149
831222583
831222626
831223639
831223735
831224495
831224506
831224520
831224965
831225113
831225394
831225647
831225914
831227299
831227776
831227833
831227922
831228262
831228351
831228668
831229033
831229243
831229567
831229631
831229695
831229784
831230320
831230605
831231319
831231640
831231657
831231664
831231714
831231753
831231995
831232111
831232314
831232360
831232442
831232645
831232719
831233423
831233590
831233875
831233882
831234070
831234607
831234817
831235043
831235157
831235196
831235221
831235463
831235634
831235641
831235755
831236063
831236095
831236405
831236565
831236572
831236622
831236661
831236743
831236790
831237044
831237165
831237286
831237293
831237336
831237852
831237869
831238139
831238160
831238242
831238623
831238922
831239134
831239489
831239547
831239643
831239668
831239694
831239846
831239892
831239903
831239999
831240115
831240439
831240460
831240617
831240784
831240987
831241014
831241441
831241683
831241861
831241886
831242162
831242301
831242439
831242835
831243150
831243289
831243435
831243969
831244067
831244081
831244754
831244793
831244804
831245055
831245087
831245144
831245710
831245735
831245742
831245984
831246011
831246029
831246043
831246090
831246285
831246310
831246698
831246933
831246972
831247437
831247483
831247565
831247686
831248069
831248247
831249185
831249438
831249573
831249712
831250344
831250508
831250554
831250885
831250910
831250950
831251080
831251108
831251624
831251706
831251720
831252402
831252622
831252765
831252990
831253027
831253098
831253244
831253283
831253415
831253454
831253970
831254242
831254257
831254392
831254549
831254563
831254613
831254727
831254734
831254809
831254887
831255124
831255455
831255512
831255569
831255640
831255829
831256151
831256272
831256482
831256660
831257029
831257470
831257488
831257506
831257641
831257698
831257716
831257805
831258953
831259158
831259496
831259795
831259845
831260259
831260331
831260413
831260687
831260776
831260790
831260979
831261084
831261248
831261480
831262026
831262097
831262670
831262898
831263046
831263174
831263466
831263789
831264900
831264917
831265054
831265079
831265225
831265937
831265990
831267016
831267219
831267361
831267728
831267774
831268214
831268221
831268260
831268424
831268470
831268641
831269565
831269818
831270021
831270037
831270457
831270464
831270877
831270973
831271274
831271769
831271776
831271915
831271961
831272052
831272102
831272699
831273300
831274555
831274943
831275019
831275098
831275123
831275148
831275447
831275988
831276086
831276200
831276264
831276508
831276766
831276905
831276983
831277081
831277102
831277722
831278075
831278393
831278888
831279050
831279207
831279381
831279506
831279805
831279851
831279890
831279972
831280120
831280394
831280490
831281025
831281126
831281188
831281208
831281350
831281852
831282114
831282331
831282662
831283045
831283821
831283839
831284058
831284065
831284154
831284916
831284923
831285181
831285224
831285249
831285427
831285473
831285509
831285562
831285587
831285612
831285651
831285676
831285701
831285733
831285847
831286187
831286486
831286504
831286785
831286828
831287175
831287182
831287243
831287296
831287339
831287378
831287969
831288081
831288341
831288512
831288804
831288829
831300128
831300288
831300516
831301080
831301276
831301511
831301810
831301899
831302296
831302912
831303238
831304265
831305965
831306095
831306634
831308324
831309052
831309102
831309458
831309629
831309807
831310147
831310211
831310299
831310357
831311480
831311572
831311625
831311758
831311904
831312543
831313218
831313556
831314722
831314897
831315137
831315272
831316407
831316844
831317056
831317273
831317280
831317309
831317572
831319064
831319114
831319228
831320045
831320052
831320102
831320114
831321058
831321414
831322021
831323575
831323707
831324588
831324823
831324912
831325074
831325117
831325996
831326646
831327374
831327381
831327584
831327659
831327805
831329254
831329578
831330025
831330388
831330573
831330744
831331134
831331305
831332898
831334340
831334432
831334447
831334707
831334785
831335823
831336576
831337272
831337322
831337571
831337757
831338011
831338050
831339088
831339768
831339825
831339864
831340578
831340934
831341580
831341769
831341872
831341938
831342045
831342141
831342262
831342458
831343058
831343290
831343880
831344701
831344758
831344847
831345415
831345504
831346321
831346549
831346780
831346983
831347056
831347163
831347925
831347996
831348287
831348518
831348863
831348977
831349157
831349260
831349577
831349716
831350405
831350476
831351021
831351237
831351329
831351442
831351585
831352018
831352769
831353013
831353062
831353180
831353771
831354179
831354407
831354777
831354923
831354972
831355815
831355950
831356059
831356205
831356714
831357175
831357314
831357606
831357684
831357983
831358327
831358523
831358811
831358964
831359258
831359450
831360075
831360214
831360716
831360826
831361280
831361298
831361405
831361782
831362005
831362119
831362795
831363071
831363655
831363720
831363790
831363833
831363954
831364419
831364515
831364878
831365058
831365229
831365371
831365791
831367187
831367237
831367447
831367536
831368990
831369003
831369035
831369042
831369430
831370087
831370817
831371029
831371171
831371545
831371584
831371926
831371933
831372469
831372743
831372818
831373090
831373101
831373877
831374139
831374160
831374744
831375337
831375480
831375696
831375974
831376115
831376179
831376250
831376389
831376542
831377014
831377039
831377676
831377808
831378632
831378642
831378778
831379385
831381023
831381347
831381817
831382303
831382837
831382869
831383608
831383921
831384222
831384813
831385114
831385267
831385511
831386084
831386440
831386465
831386675
831386885
831386974
831387147
831387574
831387631
831387649
831388135
831388637
831388719
831388726
831388936
831389002
831389326
831389493
831389828
831390264
831390307
831390481
831390524
831390684
831391117
831391195
831392183
831392429
831392831
831392863
831392984
831393125
831393189
831393552
831394615
831394686
831394736
831395394
831395724
831398656
831398948
831399142
831399523
831399740
831400025
831400623
831400648
831400655
831400705
831400712
831401084
831402097
831403224
831404529
831404949
831405435
831405442
831407062
831407500
831407831
831407913
831411897
831413229
831414060
831414785
831414950
831415575
831416182
831419602
831420273
831421133
831421681
831421770
831422018
831422833
831424001
831424236
831425831
831426123
831426333
831426696
831426792
831428284
831428494
831428918
831428957
831429287
831429411
831429750
831430164
831430207
831430417
831430730
831430837
831430876
831431280
831431323
831431743
831434006
831434141
831434764
831435115
831435154
831435332
831436620
831436886
831436975
831437059
831437080
831437430
831437493
831437632
831438008
831438499
831438912
831439430
831439811
831439843
831440226
831441374
831441666
831442024
831442362
831443051
831443119
831443286
831443877
831444160
831444947
831445091
831445650
831445796
831446081
831446250
831446813
831447295
831447459
831447797
831448187
831449428
831449862
831450099
831451030
831451265
831451500
831451596
831452278
831452470
831452495
831452723
831452926
831452940
831452958
831453003
831453597
831454069
831454208
831454418
831454877
831454927
831454998
831455317
831455573
831456629
831456696
831457389
831457535
831457656
831458733
831459269
831459340
831459461
831459568
831460378
831460727
831460877
831461170
831461334
831461423
831461487
831461590
831461633
831461687
831461843
831462226
831462742
831462895
831463350
831463470
831463488
831463565
831464298
831464375
831464526
831464647
831464729
831464946
831465119
831465133
831465667
831465681
831466153
831466160
831466484
831466580
831467063
831467127
831467579
831468791
831469637
831470002
831470123
831470130
831470283
831470326
831470365
831471111
831471766
831472380
831472680
831472964
831473087
831473596
831474157
831474755
831474805
831474844
831474901
831475163
831475729
831475914
831476247
831476279
831476304
831476852
831477032
831477744
831477840
831478789
831478974
831479058
831479318
831479421
831479574
831480039
831480320
831480345
831480594
831480719
831480861
831480936
831480943
831481244
831481590
831482780
831483291
831483373
831483715
831483747
831483811
831484094
831484913
831485029
831485043
831485787
831485851
831486120
831486177
831486309
831486444
831486519
831486782
831486825
831486889
831486960
831487336
831487507
831487795
831487845
831488025
831488228
831488559
831489561
831489974
831490001
831490040
831490108
831490364
831491377
831491879
831491943
831492721
831492835
831493015
831493990
831495961
831496285
831496350
831496424
831496577
831496926
831496997
831497138
831497298
831497597
831497840
831498037
831498699
831498813
831499534
831500140
831500627
831501273
831501309
831501394
831501405
831501423
831501704
831501743
831502496
831502699
831502756
831502806
831502973
831503018
831503057
831503274
831503281
831504440
831504472
831504718
831504910
831505154
831505873
831506231
831506651
831506822
831506893
831506982
831507283
831507326
831507625
831507721
831508015
831508150
831508257
831508264
831508392
831508435
831508451
831508549
831509028
831509149
831509520
831509940
831510297
831510333
831510888
831510913
831511068
831511577
831511617
831511844
831511851
831511890
831511940
831512006
831512024
831512031
831512405
831512558
831514071
831514139
831514317
831514349
831514598
831514947
831515141
831515278
831515536
831515878
831515892
831516154
831516193
831516599
831516802
831516827
831516859
831516898
831516972
831517053
831517181
831517263
831517320
831517815
831517936
831517982
831518187
831518326
831518543
831518707
831519022
831519314
831519435
831519929
831519951
831520206
831520213
831520334
831520551
831520732
831520747
831520850
831521055
831521105
831521692
831522239
831522463
831522634
831522762
831522901
831522926
831522958
831522972
831522989
831523572
831523654
831523800
831523871
831524090
831524197
831524222
831524293
831524350
831524891
831524973
831525242
831525559
831525566
831525616
831525705
831525872
831526084
831526337
831526497
831526910
831526942
831527791
831528690
831528975
831529123
831529162
831529340
831529664
831530104
831530225
831530296
831530307
831530346
831530467
831530734
831530951
831531156
831531334
831531462
831531761
831532087
831532169
831532176
831532288
831532354
831532532
831533310
831533424
831533513
831533577
831534106
831535076
831535101
831535749
831535884
831535902
831536146
831536250
831536349
831536413
831536477
831536670
831536865
831536897
831537045
831537209
831537426
831537554
831537579
831538085
831538204
831538574
831538656
831538955
831539391
831539402
831539411
831539574
831539669
831539758
831539780
831540059
831540187
831540632
831540739
831540956
831541150
831541232
831541289
831541296
831541410
831541563
831541734
831541759
831541823
831541983
831542081
831542103
831542149
831542291
831542380
831542505
831542672
831543144
831543183
831543265
831543272
831543297
831543436
831544869
831544972
831545241
831545960
831545992
831546005
831546012
831546083
831546158
831546457
831546464
831546496
831546610
831546701
831546717
831547064
831547324
831547712
831548173
831548209
831549122
831549193
831549282
831549414
831549567
831549784
831550270
831550480
831550854
831551229
831551269
831551276
831551739
831551760
831552264
831552307
831552442
831552638
831552677
831552766
831552862
831552944
831552969
831553149
831553156
831553170
831553195
831553260
831553680
831553697
831553875
831553925
831554087
831554728
831554824
831554831
831554964
831555043
831555095
831555253
831555260
831555470
831555794
831555958
831556049
831556063
831556490
831556597
831557311
831557432
831557705
831557806
831557980
831558678
831559091
831559102
831559166
831559419
831559593
831559846
831559967
831560617
831560695
831561142
831561320
831561391
831561402
831561548
831561740
831561780
831561833
831561879
831562269
831562486
831563032
831563129
831563517
831563798
831564117
831564590
831564601
831564633
831564665
831564829
831564918
831564925
831564942
831565685
831566141
831566285
831566381
831566723
831566940
831566958
831567533
831567572
831567597
831567818
831567864
831568037
831570134
831570508
831570814
831571371
831571574
831571866
831571994
831572007
831572142
831572249
831572313
831572690
831572808
831573098
831573116
831573194
831573212
831573575
831574168
831574734
831574809
831574862
831575051
831575380
831575398
831575525
831575868
831575932
831576023
831576137
831576201
831576322
831576831
831577011
831577036
831577050
831577082
831577092
831577100
831577292
831577310
831577794
831577890
831578202
831578405
831578540
831578634
831578825
831578978
831579165
831579208
831579489
831580018
831580947
831581173
831581312
831581732
831581771
831582033
831582058
831582250
831582492
831582777
831582859
831583060
831583103
831583142
831583352
831583523
831583572
831583815
831583950
831584187
831584422
831584454
831584511
831585015
831585054
831585225
831585245
831585378
831585385
831585556
831585570
831585645
831585780
831586081
831586117
831586551
831586722
831586900
831586964
831587016
831587151
831587379
831587532
831587544
831587817
831587977
831588004
831588399
831588755
831589234
831589298
831589622
831589864
831589871
831590020
831590119
831590197
831590236
831590667
831591046
831591274
831591420
831591725
831591751
831591993
831592223
831592294
831592611
831593072
831593581
831593834
831593916
831594256
831594434
831594726
831594893
831594997
831595340
831595422
831595439
831595511
831595671
831595689
831595931
831596196
831596410
831596595
831597156
831597238
831597245
831597462
831597672
831598532
831598856
831599125
831599399
831599545
831600549
831600595
831600870
831601117
831601494
831601590
831602614
831602991
831603495
831604323
831604330
831604483
831605546
831605724
831605795
831605806
831605813
831605845
831606146
831607337
831607682
831607718
831607903
831608297
831608555
831608688
831608791
831608873
831608987
831609046
831609612
831609879
831611862
831611887
831612262
831612315
831612665
831613137
831613685
831613804
831613870
831614303
831615024
831615056
831615519
831615526
831615693
831616222
831617064
831617071
831617445
831618077
831618508
831618771
831618935
831618974
831619033
831619332
831619559
831619663
831620060
831621372
831621388
831623042
831624076
831624308
831624532
831625381
831625417
831625627
831625762
831626113
831626405
831628048
831628064
831628160
831629369
831629853
831629999
831630268
831630371
831630396
831630439
831630485
831630814
831630962
831631007
831631587
831631758
831631830
831631992
831632041
831632130
831632365
831632372
831632582
831632917
831633086
831633232
831633403
831633502
831633702
831633773
831634291
831634423
831634626
831635009
831635055
831635122
831635265
831635354
831635386
831635482
831635532
831635543
831635767
831636278
831636381
831636680
831636876
831637031
831637120
831637298
831637394
831637476
831637501
831637533
831637584
831637711
831638012
831638973
831639025
831639712
831639833
831639922
831639954
831639961
831640102
831640134
831640426
831640604
831640675
831640718
831641108
831641161
831641407
831641485
831641528
831641624
831641688
831641713
831641777
831641791
831641818
831641834
831641930
831641962
831641970
831642078
831642135
831642142
831642181
831642345
831642441
831642523
831642555
831642562
831642594
831642651
831642676
831642740
831642772
831642879
831642968
831642996
831643017
831643066
831643130
831643170
831643269
831643283
831643290
831643301
831643568
831643582
831643590
831643753
831643842
831643859
831643995
831644022
831644086
831644150
831644182
831644307
831644360
831644556
831644606
831645035
831645302
831645409
831645487
831645551
831645665
831645925
831646048
831646518
831646752
831646991
831647125
831647164
831647919
831648572
831649440
831649489
831649724
831649927
831650299
831650395
831650534
831651337
831651554
831651682
831651878
831652485
831652656
831652695
831653007
831653886
831654059
831654486
831654543
831654671
831655111
831655150
831655168
831655314
831655652
831655677
831655920
831655969
831656156
831656220
831656472
831656487
831656544
831656626
831656754
831656836
831656875
831656882
831656964
831657048
831657144
831657226
831657500
831657540
831657596
831657799
831657945
831658029
831658253
831658488
831658666
831658716
831658794
831659049
831659234
831659437
831659469
831659825
831659832
831659946
831660005
831660037
831660044
831660083
831660140
831660293
831660368
831660425
831660610
831660635
831660763
831660770
831661032
831661160
831661300
831661452
831661580
831661721
831661819
831661897
831661979
831662020
831662038
831662068
831662091
831662287
831662369
831662531
831662636
831662757
831662807
831662892
831663001
831663122
831663282
831663581
831663873
831664231
831664270
831664345
831664480
831664530
831664815
831664822
831665002
831665066
831665109
831665237
831665301
831665625
831665632
831665689
831665778
831666218
831666353
831666645
831666823
831667067
831667074
831667081
831667302
831667494
831667551
831667658
831667681
831667925
831668070
831668169
831668710
831668774
831669246
831669328
831669520
831669577
831669933
831669980
831670056
831670184
831670437
831670501
831670661
831670832
831671208
831671304
831671350
831671539
831671642
831671667
831671674
831671699
831671820
831671877
831672121
831672235
831672299
831672534
831672872
831672947
831672961
831673045
831673650
831673796
831673807
831674108
831674204
831674236
831674421
831674439
831674859
831675391
831675498
831675576
831676098
831676205
831676333
831676340
831676486
831676591
831676949
831677182
831677289
831677549
831677638
831678028
831678131
831678264
831678284
831678302
831678366
831678373
831678448
831678537
831678836
831679233
831679436
831679571
831679589
831679856
831680082
831680253
831680278
831680310
831680399
831680641
831680851
831681266
831681316
831681615
831681661
831681939
831682140
831682343
831682514
831682603
831682838
831683040
831683630
831683881
831683915
831684255
831684337
831684419
831684757
831684903
831684981
831685019
831685204
831685236
831685827
831685994
831686427
831686943
831686990
831687011
831687066
831687333
831687415
831687792
831687803
831688225
831689245
831689327
831689341
831689366
831689380
831689430
831689487
831689590
831689722
831689875
831690411
831690596
831690614
831690710
831690728
831690750
831690977
831691097
831691221
831691285
831691488
831691506
831691673
831691890
831691981
831692165
831692323
831692608
831692992
831693877
831694267
831694722
831694915
831695419
831695974
831696873
831697263
831697306
831698130
831698244
831698422
831698924
831699030
831699549
831699645
831699780
831700131
831700332
831700364
831700478
831700485
831700631
831701135
831701231
831702408
831702593
831703129
831703442
831703456
831703937
831704551
831705030
831705361
831705735
831705774
831706132
831706278
831706424
831706449
831706506
831706513
831706602
831706618
831706869
831707212
831707273
831707323
831707519
831707615
831707729
831707889
831707960
831708418
831708464
831708813
831708959
831709210
831709228
831709281
831709356
831709363
831709388
831709445
831709484
831709694
831709712
831709727
831709979
831710038
831710255
831710272
831710305
831710668
831710928
831711298
831711574
831711791
831711834
831711987
831712092
831712270
831712402
831712427
831712480
831712562
831712879
831713034
831713155
831713924
831714079
831714257
831714271
831714481
831714531
831714613
831714665
831714727
831714870
831714990
831715633
831715786
831716285
831716404
831716863
831716952
831716964
831717011
831717050
831717082
831717285
831717584
831717680
831717698
831718241
831718273
831718597
831718921
831718953
831719158
831719247
831719546
831719553
831719560
831719980
831720139
831720242
831720527
831720580
831720819
831720833
831721013
831721077
831721216
831721294
831721481
831721789
831721814
831722371
831722407
831722446
831722713
831722745
831722898
831723092
831723306
831723427
831723740
831723861
831724269
831724618
831724696
831724859
831725248
831725314
831725524
831725976
831725990
831726058
831726188
831726277
831726291
831726430
831726521
831726697
831726868
831726996
831727023
831727062
831727126
831727265
831727331
831727361
831727596
831727660
831727752
831728036
831728082
831728303
831728381
831728424
831728449
831728488
831728495
831728506
831728958
831728983
831729227
831729704
831729736
831729782
831729985
831730012
831730126
831730368
831730578
831730717
831730724
831730763
831730788
831731121
831731235
831731267
831731388
831731460
831731512
831731979
831732604
831732700
831732892
831733019
831733147
831733236
831733275
831733460
831733567
831733720
831733930
831734174
831734669
831734726
831734784
831734815
831734854
831734982
831735034
831735123
831735237
831735536
831735582
831735835
831735852
831735988
831735995
831736257
831736606
831736848
831737366
831737583
831738190
831738201
831738315
831738596
831738774
831738984
831739145
831739716
831739824
831740348
831740412
831740704
831741005
831741037
831741180
831741215
831741724
831741998
831742324
831742349
831742609
831742687
831742712
831742865
831743173
831743294
831743401
831743579
831743636
831743725
831743981
831744058
831744122
831744994
831745078
831745270
831745288
831745313
831745391
831745683
831746059
831746080
831746205
831746251
831746415
831746435
831746447
831746881
831746988
831747150
831747175
831747245
831747531
831747570
831747702
831747727
831747830
831748601
831749087
831749258
831749468
831749660
831749984
831749991
831750335
831750381
831750545
831750673
831750680
831750851
831750933
831751168
831751177
831751280
831751743
831751818
831752158
831752464
831752496
831752966
831753057
831753107
831753979
831754287
831754312
831754515
831754561
831754821
831754860
831755204
831755414
831755738
831755777
831755841
831756155
831756644
831757290
831757386
831757568
831757632
831757899
831758182
831758321
831758467
831758549
831758613
831758660
831758773
831759124
831759583
831759829
831759836
831759868
831760016
831760062
831760443
831760800
831760870
831761011
831761029
831761285
831761328
831761351
831761431
831761538
831761545
831761762
831762106
831762259
831762519
831762558
831762615
831762768
831762818
831762960
831763187
831763731
831763788
831764114
831764121
831764146
831764192
831764331
831765077
831765102
831765166
831765554
831765682
831765903
831765981
831766019
831766332
831766695
831766720
831766802
831766898
831766923
831767110
831767263
831767427
831767459
831767473
831767605
831767651
831767683
831767690
831767740
831767785
831767797
831768340
831768408
831768792
831768842
831769086
831769104
831769385
831769677
831769734
831769766
831770252
831770341
831770409
831770735
831770761
831770786
831770996
831800090
831800140
831801139
831801250
831801922
831801954
831802344
831802508
831803072
831803602
831803738
831803752
831803916
831804270
831804288
831804466
831804509
831804605
831804968
831805205
831805237
831805290
831805408
831805536
831805625
831805643
831805949
831806168
831806353
831806741
831806976
831806990
831807245
831807398
831807462
831807487
831807537
831807640
831807932
831807989
831807996
831808151
831808322
831808404
831808614
831808639
831809068
831809246
831809278
831809381
831809901
831810213
831810330
831810362
831810608
831810825
831810832
831811090
831811101
831811197
831811293
831811343
831811368
831811731
831811795
831811845
831811865
831811891
831812160
831812267
831812307
831812317
831812655
831812751
831812790
831812872
831813807
831814132
831814154
831814250
831814282
831814389
831814421
831814453
831814492
831814617
831814811
831815014
831815135
831815352
831815391
831815612
831815797
831815815
831815950
831815982
831816155
831816173
831816461
831816594
831817079
831817225
831817588
831817944
831818220
831818267
831818277
831818341
831818512
831818989
831819297
831819468
831819607
831819685
831819728
831820292
831820470
831820495
831820716
831820997
831821070
831821113
831821501
831821800
831821818
831821978
831822286
831822724
831822891
831822941
831823300
831823388
831823420
831823477
831823541
831824248
831824497
831824643
831824700
831825229
831825236
831825243
831825567
831825656
831825695
831825713
831825802
831825898
831825962
831826295
831826367
831826441
831826594
831826605
831826815
831826847
831826904
831826929
831826943
831827080
831827212
831827856
831828129
831828232
831828245
831828346
831828467
831828638
831828848
831828924
831829010
831829035
831829117
831829124
831829188
831829487
831829512
831829619
831829957
831830265
831830482
831830870
831831004
831831164
831831221
831831239
831831328
831831591
831832362
831832526
831832608
831832729
831832775
831832960
831833165
831833343
831833700
831834304
831834363
831834452
831834477
831834502
831834541
831834630
831834672
831834751
831834826
831834915
831835013
831835134
831835173
831835320
831835535
831835682
831835814
831836318
831836656
831836766
831836916
831837249
831837352
831837441
831837555
831837797
831837808
831837893
831838326
831838422
831838828
831838874
831839093
831839225
831839385
831839549
831839759
831839830
831839862
831840238
831840327
831840455
831840836
831841009
831841176
831841728
831841888
831841920
831842335
831842876
831842972
831843106
831843152
831843330
831843377
831843661
831843871
831843939
831844012
831844254
831844304
831844445
831844471
831844795
831844806
831845018
831845146
831845363
831845370
831845712
831845961
831846038
831846084
831846091
831846141
831846209
831846287
831846458
831846508
831846942
831847058
831847065
831847080
831847108
831847275
831847364
831847414
831847485
831847567
831847670
831847760
831848224
831848637
831849785
831849803
831850061
831850232
831850289
831850385
831850474
831850563
831850780
831850925
831850944
831851028
831851238
831851327
831851359
831851494
831851658
831851875
831851898
831852272
831852614
831852817
831852945
831853068
831853310
831853470
831853495
831853659
831853933
831853940
831853972
831854031
831854184
831854309
831854370
831854533
831854558
831854639
831854750
831854775
831854825
831854844
831855165
831855172
831855261
831855293
831855368
831855449
831855635
831855891
831855966
831855973
831856032
831900112
831900151
831900297
831900436
831900443
831900685
831900799
831901036
831901354
831901716
831901787
831901933
831902024
831902056
831902113
831902152
831902164
831902273
831902501
831902729
831902790
831902921
831903101
831903215
831903286
831903311
831903336
831903368
831903674
831903852
831904089
831904121
831904267
831904317
831904324
831904662
831904769
831904801
831904908
831905091
831905127
831905216
831906827
831906880
831907046
831907288
831907523
831907594
831907726
831907822
831907854
831908027
831908276
831908493
831908543
831908835
831909734
831909773
831909855
831910409
831910626
831910633
831910850
831911518
831911525
831911806
831912011
831912132
831912196
831912310
831912488
831912723
831912901
831913145
831913309
831913387
831913711
831913775
831913782
831913794
831913857
831913960
831914037
831914069
831914222
831914286
831914496
831914521
831914862
831915121
831915153
831915267
831915388
831915527
831915705
831915737
831915840
831916038
831916180
831916312
831916522
831916700
831916814
831917108
831917161
831917414
831917453
831917485
831917603
831918174
831918509
831918683
831919415
831919536
831919867
831919970
831920410
831920809
831921252
831921291
831921843
831921996
831922087
831922240
831922393
831922541
831923303
831923404
831923545
831923958
831923988
831923997
831924113
831924191
831924202
831924227
831924394
831924533
831924953
831925279
831925489
831925674
831925703
831925731
831925788
831926281
831926527
831926648
831926769
831926865
831926908
831926915
831926986
831927419
831927497
831927682
831927732
831927744
831928282
831928407
831928453
831928460
831928528
831928535
831928567
831928663
831928873
831928898
831929270
831929320
832001292
832002825
832003247
832006859
832010583
832014375
832015858
832017097
832018605
832033589
832033646
832036293
832037032
832037139
832037153
832039574
832041148
832041162
832041778
832042816
832043291
832044411
832044728
832045004
832045157
832045463
832045513
832046202
832046273
832046661
832046871
832047845
832047927
832048146
832048228
832048317
832048420
832048438
832048445
832048463
832048616
832048648
832048721
832048751
832048769
832048776
832048783
832048790
832048801
832048819
832048826
832048947
832049636
832053894
832053905
832059477
832059541
832060383
832060910
832061325
832061670
832063988
832064969
832065010
832065462
832065505
832065786
832066137
832066404
832067488
832067680
832068483
832069172
832069304
832069521
832069813
832069959
832070477
832071846
832072001
832072179
832072567
832075353
832075504
832075549
832075848
832076213
832076302
832076640
832078310
832078762
832079259
832079362
832079800
832080546
832080578
832081160
832081178
832082440
832082699
832082807
832083332
832083827
832084128
832084209
832084295
832084361
832086620
832090000
832090661
832091005
832091254
832091464
832091610
832091749
832092160
832092413
832093038
832093045
832093216
832093305
832093337
832094460
832094624
832094909
832096066
832096228
832097015
832097759
832097983
832098487
832098576
832098633
832098665
832098843
832098971
832098989
832099144
832100073
832100123
832100543
832100778
832101314
832101360
832101684
833000599
833004900
833006456
833006844
833007647
833008642
833008891
833008918
833009623
833009751
833010230
833011624
833011909
833014481
833016888
833017456
833017538
833017552
833017723
833018120
833018501
833018825
833019247
833020153
833021006
833021561
833022058
833022791
833024326
833026206
833027240
833030083
833030546
833033453
833033866
833034039
833034637
833034740
833036339
833036969
833038336
833038621
833038653
833040049
833040871
833042370
833043458
833043497
833044898
833045174
833046454
833047289
833049888
833050143
833050513
833051095
833051234
833051572
833054102
833055130
833055581
833055802
833056135
833056256
833056605
833064609
833065718
833066161
833066179
833066186
833066243
833066268
833066300
833066340
833066439
833066485
833066492
833066555
833066574
833066624
833066663
833066695
833066713
833066784
833066866
833067007
833067014
833067103
833067174
833067199
833067231
833067288
833067365
833067384
833067402
833067427
833067459
833067509
833067548
833067555
833067562
833067612
833067637
833067669
833067676
833067822
833067861
833070736
833072171
833076757
833077688
833089758
833090842
833091015
833091339
833091378
833091951
833092462
833093361
833093386
833093678
833093685
833093849
833094709
833095088
833095743
833096012
833099204
833100051
833100471
833100578
833100628
833100813
833101356
833102928
833103535
833104427
833104644
833104943
833105041
833105098
833105415
833106410
833107264
833107302
833108112
833108703
833108984
833109157
833109627
833109869
833110063
833110330
833110661
833110686
833110775
833112185
833112210
833112648
833112915
833113650
833113771
833114357
833114446
833115092
833115364
833116333
833116575
833117168
833117314
833117435
833118633
833118829
833119354
833119991
833120075
833120812
833120901
833121049
833121661
833121960
833121985
833123025
833123121
833127568
833131214
833132864
833133069
833134107
833136332
833136777
833147752
833149625
833150346
833152728
833153449
833153602
833153851
833154857
833155126
833155489
833155603
833155749
833155941
833155980
833156146
833156235
833156616
833156662
833156922
833157275
833157390
833157892
833158211
833158492
833158688
833159249
833159509
833159562
833159832
833160041
833160319
833160422
833161606
833161684
833161816
833161944
833162843
833162996
833163129
833163281
833163589
833163596
833163774
833163808
833163906
833164144
833164207
833164698
833164770
833164823
833165348
833165633
833168173
833169574
833169745
833169962
833170135
833170174
833170217
833170434
833170830
833170943
833171244
833171283
833171447
833171479
833171714
833171792
833172638
833172830
833172983
833173430
833175463
833176000
833176914
833177667
833178872
833178961
833179166
833180040
833180229
833180460
834000093
834005554
834008570
834008652
834009551
834017644
834019346
834019353
834020341
834020462
834020779
834020850
834020971
834021055
834021112
834023049
834023405
834023483
834023921
834024350
834025000
834025139
834025146
834025203
834025242
834025267
834025452
834025468
834025484
834025502
834025566
834025616
834025673
834025687
834025737
834025769
834025872
834025897
834025947
834025954
834025986
834026052
834026223
834027777
834033214
834037821
834046852
834050338
834051415
834051707
834052008
834052093
834052339
834052677
834053074
834053103
834053117
834053448
834053590
834053786
834054144
834054354
834054817
834054863
834054870
834054977
834055100
834055565
834056800
834056921
834057238
834057304
834057425
834057489
834071139
834071161
834071752
834072128
834072523
834072780
834073244
834073504
834074435
834074652
834074848
834074927
834075003
834075487
834075640
834075829
834076094
834076411
834076450
835001098
835007788
835007813
835008527
835009611
835011167
835011224
835012301
835013079
835013289
835013307
835014359
835014537
835014590
835014619
835014672
835014786
835014850
835014989
835014996
835015072
835015125
835015151
835015169
835015176
835015183
835015190
835015219
835015226
835015233
835015265
835015330
835015347
835015404
835024296
835024314
835024403
835024780
835025042
835026755
835027666
835027770
835027997
835028298
835028348
835028647
835030025
835031390
835031725
835032791
835032909
835032930
835034447
835037151
835040336
835041947
835043421
835045212
835045283
835045447
835045504
835046905
835047448
835047619
836000469
836000686
836000832
836001231
836001394
836001813
836002041
836002096
836004955
836005039
836005135
836005174
836005377
836005594
836006283
836008188
836009824
836012090
836014515
836015211
836015528
836015649
836015688
836015720
836015898
836016822
836017696
836018428
836019462
836020258
836021591
836022490
836022864
836024274
836026670
836027701
836028461
836030448
836031361
836031685
836032463
836033370
836033768
836034051
836034795
836034820
836035865
836036903
836037154
836037371
836062360
836143499
836143549
836143691
836143710
836143741
836143816
836143969
836144003
836144042
836144067
836144131
836144149
836144188
836144261
836144284
836144359
836144462
836144494
836144747
836144932
836145009
836145048
836145322
836145450
836145564
836145596
836145646
836145653
836145728
836145735
836145849
836145952
836146043
836146456
836146560
836146634
836147113
836147234
836147483
836147864
836147896
836147921
836147953
836147960
836148005
836148507
836148521
836149057
836149274
836149517
836149938
836150091
836150134
836150376
836150440
836150796
836150853
836151058
836151581
836151834
836151898
836153251
836153543
836153828
836154093
836154499
836154937
836155697
836156525
836157036
836157520
836159425
836161668
836161885
836163459
836163861
836164433
836164550
836173688
836185078
836185174
836220141
836220294
836220401
836220426
836220433
836220508
836220974
836221318
836221670
836222345
836224451
836224848
836225074
836225334
836225423
836225590
836226429
836227207
836227335
836227666
836229311
836229756
836230559
836231248
836231522
836231725
836232033
836232898
836232955
836236238
836236265
836236455
837002494
837010249
837010345
837011223
837021459
837023663
837026118
837029317
837033109
837035366
837035672
837035843
837036347
837036475
837037253
837037876
837039051
837039813
837040305
837050293
837052294
837052668
837053186
837053492
837053567
837054548
837054690
837055721
837055835
837056467
837056524
837056809
837057156
837060572
837060857
837063547
837064026
837064970
837065369
837065719
837065936
837066073
837066148
837066162
837066358
837066461
837066632
837066707
837066792
837066828
837066835
837067008
837067271
837067392
837067428
837067442
837067524
837067556
837067951
837068124
837068284
837068334
837068520
837074426
837074771
837074853
837075605
837076982
837077689
837077867
837077924
837078008
837078054
837078079
837078200
837079010
837079380
837079971
837080404
837080564
837080639
837080952
837081068
837081246
837082832
837083489
837084462
837084616
837084872
837085522
837086720
837089143
837089652
837089677
837091547
837095057
837095865
837096013
837096433
837097072
837098128
837098352
837098797
837098815
837099066
837099205
837099301
837099970
837100650
837100853
837100981
837101229
837101357
837101439
837101617
837101784
837102217
837103174
837103536
837104321
837105052
837105213
837105284
837106169
837107068
838101680
838101698
838101748
838101940
838102184
838102540
838102661
838107181
838110099
838111072
838111087
838112901
838134506
838138732
838143665
838164450
838165850
838166596
838167506
838168266
838168348
838168405
838168469
838168476
838168533
838168654
838168661
838168750
838168768
838168953
838169133
838169140
838169261
838169286
838169304
838169382
838169521
838169699
838169852
838169941
838170107
838171757
838172097
838174881
838175022
838176010
838176409
838176957
838177062
838177176
838178157
838178812
838178876
838179330
838179622
838180083
838180400
838180539
838180628
838180731
838180756
838181185
838182401
838184078
838184637
838184772
838185899
838186517
838187366
838187731
838188870
838189431
838190145
838190394
838190444
838191724
838191966