208494624
208494631
208494695
208494802
208495085
208495204
208495249
208495509
208495594
208495683
208495726
208495765
208495815
208495968
208496080
208496162
208496276
208496550
208496664
208496899
208496909
208496924
208496988
208497030
208497104
208497111
208497168
208497192
208497200
208497232
208497392
208497467
208497503
208497563
208497766
208497780
208497944
208497951
208498003
208498028
208498213
208498423
208498537
208498619
208498626
208498665
208498681
208498708
208498754
208498925
208498971
208499176
208499361
208499450
208499500
208499639
208499817
208499977
208500205
208500326
208500486
208500575
208500592
208500625
208500707
208500739
208500746
208500850
208500881
208500970
208501047
208501061
208501111
208501168
208501182
208501264
208501346
208501428
208501741
208501830
208502003
208502206
208502213
208502302
208502327
208502523
208502697
208502882
208503009
208503105
208503201
208503333
208503443
208503482
208503678
208503870
208503913
208504011
208504260
208504303
208504335
208504513
208504520
208504680
208504723
208504933
208505006
208505070
208505483
208505526
208505632
208505679
208505743
208505864
208505889
208506005
208506222
208506464
208506489
208506539
208506592
208506813
208506884
208506891
208506973
208507032
208507071
208507267
208507331
208507356
208507388
208507445
208507452
208507468
208507477
208507510
208507737
208507954
208508006
208508248
208508369
208508483
208508536
208508547
208508561
208508629
208508725
208508771
208509033
208509097
208509108
208509122
208509485
208509551
208509604
208509624
208509663
208509745
208509834
208509948
208509955
208510007
208510021
208510167
208510181
208510263
208510338
208510365
208510434
208510893
208510911
208511041
208511130
208511340
208511529
208511632
208511739
208511803
208511949
208512257
208512360
208512474
208512481
208512517
208512780
208512937
208513010
208513099
208513327
208513569
208513732
208513811
208513918
208514518
208514571
208514607
208514728
208514735
208514888
208514906
208514945
208514963
208515207
208515221
208515246
208515260
208515335
208515342
208515399
208515405
208515488
208515495
208515552
208515584
208515837
208515940
208516056
208516095
208516113
208516309
208516355
208516387
208516444
208516615
208516654
208516736
208516832
208516896
208516946
208516953
208516985
208517012
208517090
208517197
208517222
208517279
208517336
208517382
208517489
208517578
208517704
208517820
208517927
208517934
208518018
208518071
208518114
208518139
208518146
208518534
208518623
208518769
208518833
208518961
208519066
208519102
208519401
208519440
208519458
208519508
208519561
208519611
208519764
208519839
208519892
208520033
208520072
208520147
208520154
208520364
208520396
208520414
208520453
208520663
208520777
208520791
208520909
208520930
208520955
208521039
208521153
208521206
208521263
208521411
208521427
208521498
208521719
208521822
208521879
208522041
208522109
208522212
208522251
208522365
208522504
208522529
208522543
208522753
208522842
208522858
208522874
208522924
208522988
208523136
208523271
208523339
208523360
208523481
208523499
208523505
208523668
208523759
208523773
208523990
208524028
208524131
208524448
208524658
208524868
208524875
208524964
208525094
208525125
208525500
208525518
208525525
208525546
208525571
208525703
208525742
208525751
208525938
208525952
208526118
208526356
208526399
208526513
208526538
208526577
208526634
208526748
208526794
208526812
208526876
208526883
208526901
208527056
208527152
208527177
208527241
208527273
208527348
208527405
208527469
208527519
208527775
208527800
208527907
208528044
208528051
208528101
208528215
208528489
208528546
208528578
208528628
208528966
208528980
208528998
208529089
208529096
208529178
208529185
208529406
208529420
208529712
208529769
208529790
208530038
208530262
208530465
208530472
208530643
208530757
208530789
208530860
208530903
208530942
208531204
208531300
208531478
208531528
208531720
208531898
208532103
208532157
208532199
208532231
208532306
208532313
208532377
208532415
208532427
208532498
208532726
208532968
208533002
208533059
208533066
208533098
208533415
208533493
208533529
208533664
208533785
208533842
208533899
208534499
208534524
208534531
208534549
208534652
208534702
208534816
208534830
208534905
208534990
208535010
208535156
208535245
208535266
208535291
208535471
208535524
208535583
208535687
208535715
208535786
208535989
208536112
208536151
208536468
208536475
208536646
208536856
208536938
208536984
208536991
208537011
208537068
208537118
208537328
208537402
208537456
208537716
208537762
208537890
208537958
208538088
208538202
208538437
208538476
208538540
208538743
208538818
208538871
208539012
208539101
208539165
208539329
208539507
208539592
208539628
208539701
208539902
208539941
208539959
208540114
208540203
208540300
208540349
208540370
208540630
208540751
208540769
208540936
208541006
208541198
208541383
208541682
208541764
208541885
208541892
208542033
208542135
208542535
208542609
208542695
208542713
208542745
208542814
208542834
208542880
208542977
208543167
208543571
208543612
208543676
208543719
208543854
208544109
208544155
208544194
208544283
208544326
208544365
208544504
208544625
208544632
208545022
208545150
208545314
208545346
208545353
208545378
208545531
208545638
208545684
208545734
208545773
208545809
208545990
208546010
208546074
208546277
208546341
208546462
208546494
208546715
208546829
208546964
208547070
208547347
208547386
208547411
208547450
208547781
208547870
208547895
208547977
208548118
208548164
208548292
208548335
208548805
208548883
208548958
208549202
208549259
208549309
208549323
208549476
208549483
208549647
208549693
208549704
208549818
208549864
208549871
208549914
208550012
208550165
208550208
208550279
208550343
208550560
208550656
208550820
208550861
208551000
208551153
208551317
208551363
208551452
208551559
208551623
208551865
208551897
208552060
208552141
208552262
208552287
208552344
208552351
208552383
208552579
208552650
208552955
208553033
208553108
208553161
208553236
208553300
208553421
208553528
208553542
208553574
208553581
208553602
208554085
208554142
208554231
208554295
208554480
208554516
208554628
208554765
208554815
208554854
208554975
208555002
208555109
208555123
208555148
208555194
208555358
208555803
208555810
208556022
208556200
208556218
208556248
208556296
208556321
208556506
208556531
208556563
208556773
208556798
208556830
208557058
208557195
208557213
208557291
208557359
208557373
208557423
208557462
208557544
208557665
208557715
208557811
208557836
208557900
208558055
208558094
208558126
208558144
208558361
208558450
208558532
208558646
208558774
208559011
208559125
208559196
208559303
208559584
208559723
208559787
208559851
208559926
208559933
208559958
208560113
208560323
208560437
208560490
208560519
208560572
208560693
208560896
208561293
208561329
208561343
208561444
208561471
208561496
208561514
208561603
208561845
208561877
208561973
208562121
208562349
208562406
208562413
208562438
208562502
208562598
208562616
208562712
208562783
208562865
208562947
208563084
208563117
208563173
208563223
208563771
208563807
208563967
208564080
208564460
208564510
208564528
208564574
208564695
208564706
208564784
208564923
208564955
208564974
208565249
208565345
208565651
208565719
208565808
208565815
208566027
208566034
208566059
208566301
208566365
208566389
208566461
208566493
208566575
208566600
208566625
208566696
208566707
208566874
208566970
208567047
208567079
208567232
208567241
208567531
208567595
208567773
208567848
208567905
208567951
208568170
208568291
208568310
208568334
208568341
208568366
208568551
208568569
208568576
208568583
208568946
208569023
208569169
208569233
208569265
208569404
208569436
208569475
208569614
208569692
208569849
208569913
208570068
208570399
208570407
208570456
208570869
208571001
208571095
208571106
208571309
208571330
208571370
208571501
208571622
208571661
208571736
208571800
208571864
208571896
208571914
208571921
208572051
208572101
208572126
208572336
208572610
208572813
208572959
208573057
208573114
208573331
208573438
208573452
208573477
208573502
208573541
208573630
208573679
208573769
208573790
208573937
208573954
208574091
208574110
208574141
208574173
208574198
208574305
208574337
208574554
208574694
208574718
208574878
208574928
208575040
208575122
208575581
208575617
208575713
208575784
208576060
208576092
208576151
208576313
208576352
208576391
208576651
208576719
208576758
208576797
208576993
208577027
208577109
208577116
208577205
208577479
208577529
208577575
208577618
208577664
208577874
208577909
208577917
208578008
208578079
208578200
208578339
208578360
208578467
208578702
208578773
208578780
208578816
208578830
208579055
208579074
208579108
208579327
208579359
208579416
208579430
208579537
208579551
208579590
208579761
208580048
208580074
208580183
208580226
208580265
208580468
208580518
208580728
208580735
208580806
208580969
208581050
208581100
208581221
208581246
208581292
208581424
208581506
208581545
208581673
208581680
208581716
208581851
208582106
208582168
208582241
208582526
208582597
208582608
208583044
208583076
208583165
208583286
208583304
208583343
208583375
208583399
208583756
208583763
208584032
208584064
208584160
208584192
208584324
208584363
208584510
208584833
208584930
208584954
208585052
208585061
208585091
208585180
208585209
208585312
208585351
208585419
208585465
208585629
208585698
208585740
208585764
208585807
208585885
208585903
208586186
208586282
208586389
208586581
208586631
208586880
208587053
208587135
208587208
208587270
208587288
208587480
208587629
208587676
208587847
208587968
208588080
208588123
208588155
208588340
208588408
208588493
208588504
208588568
208588575
208588591
208588618
208588721
208588746
208588778
208588899
208589054
208589104
208589168
208589200
208589271
208589289
208589378
208589435
208589517
208589588
208589780
208589830
208590081
208590366
208590373
208590416
208590544
208590576
208590583
208590633
208590996
208591201
208591233
208591614
208591621
208591639
208591767
208591781
208591849
208591906
208591920
208592146
208592381
208592506
208592552
208592577
208592602
208592723
208592730
208592762
208593024
208593056
208593095
208593161
208593309
208593316
208593519
208593526
208593565
208593647
208593686
208593736
208593743
208593825
208593871
208593896
208594037
208594101
208594215
208594254
208594400
208594425
208594464
208594603
208594650
208594763
208594820
208594838
208594866
208595025
208595064
208595096
208595121
208595255
208595388
208595559
208595598
208595623
208595737
208595776
208595840
208596045
208596294
208596401
208596611
208596629
208596682
208596771
208596789
208596821
208596839
208596942
208597019
208597026
208597211
208597371
208597421
208597439
208597745
208597777
208597812
208597834
208597841
208597930
208598085
208598092
208598128
208598295
208598352
208598364
208598427
208598473
208598733
208598797
208598943
208598950
208598990
208599109
208599227
208599365
208599422
208599504
208599575
208599657
208599696
208599853
208599867
208599906
208600052
208600223
208600248
208600433
208600440
208600561
208600586
208600696
208600814
208600860
208600878
208600999
208601019
208601033
208601072
208601115
208601147
208601414
208601439
208601535
208601601
208601745
208601880
208601930
208602092
208602167
208602369
208602701
208602943
208602995
208603066
208603080
208603194
208603319
208603422
208603511
208603536
208603575
208603803
208603931
208604093
208604247
208604505
208604531
208604710
208604798
208604816
208605131
208605195
208605206
208605213
208605245
208605277
208605315
208605409
208605430
208605462
208605512
208605537
208605576
208605779
208605843
208605900
208605989
208606016
208606072
208606233
208606288
208606297
208606361
208606386
208606429
208606482
208606500
208606596
208606849
208607029
208607043
208607082
208607157
208607214
208607424
208607431
208607449
208607463
208607577
208607680
208607730
208607901
208607926
208608049
208608095
208608113
208608120
208608437
208608483
208608565
208608686
208608693
208608736
208608743
208608750
208608907
208608939
208609037
208609044
208609336
208609457
208609592
208609674
208609731
208609763
208609813
208609891
208609927
208609998
208610018
208610153
208610317
208610580
208610737
208610801
208610826
208610872
208610880
208610986
208611052
208611077
208611255
208611294
208611321
208611344
208611351
208611419
208611440
208611458
208611537
208611561
208611579
208611807
208611839
208611885
208611967
208612236
208612332
208612535
208612552
208612599
208612745
208612768
208613039
208613078
208613135
208613157
208613199
208613338
208613362
208613459
208613516
208613644
208613886
208613929
208613968
208614080
208614148
208614205
208614237
208614479
208614486
208614543
208614600
208614671
208614707
208614778
208614803
208614881
208614931
208614949
208615061
208615150
208615314
208615339
208615410
208615481
208615499
208615661
208615677
208615684
208615714
208616117
208616170
208616220
208616359
208616505
208616590
208616601
208616932
208616971
208617009
208617176
208617258
208617361
208617393
208617621
208617660
208617685
208617692
208617817
208617831
208618036
208618132
208618144
208618310
208618506
208618577
208618666
208618673
208618794
208618851
208618883
208618901
208619138
208619501
208619565
208619800
208620208
208620261
208620350
208620432
208620585
208620610
208620820
208620877
208621032
208621041
208621089
208621153
208621299
208621300
208621491
208621694
208621790
208621819
208621865
208621883
208621936
208622038
208622052
208622067
208622084
208622419
208622547
208622579
208622636
208622693
208622700
208622764
208622839
208622951
208622999
208623065
208623108
208623179
208623186
208623439
208623446
208623617
208623720
208623827
208623841
208623987
208624053
208624167
208624263
208624270
208624427
208624587
208624701
208624733
208624854
208625116
208625162
208625408
208625536
208625785
208626168
208626264
208626339
208626410
208626450
208626531
208626556
208626606
208626677
208626718
208626727
208626766
208626798
208626848
208626862
208626905
208626969
208626976
208627003
208627010
208627074
208627081
208627188
208627291
208627416
208627779
208627811
208627868
208627896
208628137
208628169
208641896
208642731
208643307
208643484
208643840
208644878
208645065
208645348
208645599
208649409
208649882
208650176
208650685
208653973
208654648
208657402
208659129
208659353
208659613
208659816
208660195
208661055
208661151
208665139
208665541
208666878
208666892
208667695
208667841
208668338
208668997
208669018
208670392
208671658
208671779
208672176
208672258
208673303
208674009
208674120
208674177
208674661
208674921
208674953
208675012
208675813
208676363
208676826
208677999
208678300
208678574
208679014
208679968
208680358
208680436
208680931
208681168
208681314
208681872
208681990
208682003
208682601
208683735
208684097
208685469
208685476
208685501
208686197
208686304
208686654
208686795
208688650
208689137
208689357
208697863
208698139
208699636
208699700
208700000
208700540
208701845
208701941
208702573
208702712
208703159
208703248
208703262
208703287
208703344
208703351
208704873
208705046
208727021
811004374
811020147
811047436
811047443
811047660
811047678
811047703
811047710
811047781
811047831
811047849
811076758
811099408
811100401
811101139
811106289
811123115
811126570
811130355
811130373
811131165
811131546
811132121
811132251
811132858
811132872
811133732
811133935
811134072
811134108
811134122
811137798
811140093
811141501
811142304
811143107
811143630
811146612
811147671
811149291
811149754
811149836
811151036
811151050
811152145
811152202
811152259
811152348
811152355
811152362
811153860
811153902
811154018
811154670
811154751
811154986
811155111
811155180
811155508
811155878
811156282
811156873
811158034
811158301
811160416
811160462
811160494
811160505
811160544
811160551
811160619
811161518
811161703
811161735
811161774
811161807
811161863
811163348
811166255
811166383
811166629
811166675
811167542
811167551
811167617
811168039
811169842
811169917
811170136
811171170
811171213
811174583
811175731
811176790
811177344
811177675
811178510
811178617
811179092
811179263
811179594
811180109
811180179
811180365
811180760
811180792
811180931
811181232
811181816
811182156
811182163
811182334
811182900
811183030
811183258
811183308
811183607
811183774
811184189
811185219
811185750
811186133
811186731
811186852
811187580
811187662
811187872
811189161
811189325
811189802
811189898
811189916
811190103
811191172
811193804
811194258
811194977
811195538
811195837
811196451
811196679
811196750
811198178
811198598
811198833
811198922
811199230
811199629
811200024
811200387
811200412
811200864
811200921
811201667
811202228
811202705
811203433
811204268
811204752
811204841
811207079
811207346
811207360
811208163
811208170
811208455
811208462
811208633
811208786
811209525
812013287
812015256
812015612
812016924
812017531
812017570
812017606
812018576
812018761
812019190
812020157
812020285
812020456
812020488
812020577
812020748
812020901
812023185
812026808
812029291
812033445
812033806
812038689
812039435
812041315
812044028
812044172
812044539
812045000
812045908
812047866
812049917
812050660
812052094
812055184
812055343
812055560
812056438
812059620
812059758
812060739
812063121
812066119
812067388
812067609
812068159
812068692
812069555
812071251
812071529
812073341
812073754
812073882
812077560
812079732
812080115
812082988
812084398
812087088
812088208
812090764
812092562
812092893
812094556
812096436
812096450
812096660
812097278
812098259
812099400
812100094
812100127
812100692
812101036
812102031
812104705
812104858
812105020
812105508
812108739
812108949
812109346
812109392
812111219
812112036
812113323
812113362
812113750
812114069
812114350
812114681
812114919
812115228
812115388
812116102
812116248
812116465
812116650
812116668
812116807
812116860
812116892
812116935
812117072
812117147
812117179
812117211
812117229
812117243
812117282
812117300
812117478
812117581
812117599
812117670
812117688
812117777
812118644
812119194
812119333
812119707
812120912
812121811
812121836
812121957
812122393
812122545
812124202
812124800
812125610
812130123
812130333
812130753
812150492
812150970
812151199
812151338
812152397
812153595
812153983
812154334
812154836
812155710
812156303
812156431
812157907
812158845
812159044
812159580
812159630
812161147
812161695
812162975
812163301
812163550
812164093
812164556
812164862
812165124
812165380
812166315
812166436
812167036
812167132
812167627
812168647
812169254
812169261
812169368
812169560
812171376
812171419
812171821
812172492
812172866
812173128
812173256
812173345
812173555
812174422
812175923
812176054
812176423
812176640
812177183
812177849
812178972
812179896
812181349
812181452
812182725
812184669
812185162
812186677
812187334
812187341
812187989
812189463
812190939
812194389
812194553
812195021
812195060
812198366
812198398
812199169
812199468
812200276
812201798
812205953
812207235
812209600
812210391
812211486
812211899
812212474
812214888
812216412
812216476
812217813
812218210
812219262
812219287
812220026
812220617
812220827
812220955
812221092
812223190
812224003
812224850
812225151
812225596
812225607
812226094
812226196
812227799
812229363
812229534
812229840
812230052
812230351
812230515
812230522
812230846
812230885
812231250
812231601
812231866
812231916
812231930
812233358
812233365
812233461
812233671
812233714
812234232
812234314
812234684
812235804
812235868
812236564
812237239
812237584
812238017
812238661
812240580
812241052
812241063
812241401
813000129
813000242
813000588
813000620
813001398
813001619
813002009
813002482
813002863
813002870
813002888
813002895
813002906
813002913
813002952
813002977
813003118
813003417
813003456
813003794
813003851
813008898
813018127
813019834
813020249
813020943
813021568
813022008
813022111
813022271
813022929
813025812
813029821
813031060
813031854
813032397
813032963
813043881
813044200
813044684
813057386
813069627
813069794
813070654
813070782
813070800
813071279
813071674
813072250
813072466
813073255
813073287
813074250
813075676
813077741
813077990
813078793
813078932
813079151
813080520
813080883
813082051
813082681
813083049
813083356
813084084
813085492
813086039
813086053
813086263
813087041
813088257
813088264
813088410
813089117
813089302
813089576
813090023
813090070
813090112
813090443
813091381
813091417
813091748
813092316
813092679
813094452
813095287
813095472
813095508
813095515
813095593
813096341
813097459
813097893
813098187
813098803
813100574
813101014
813101815
813102397
813103517
813106260
813106470
813106627
813109192
813109305
813109324
813109356
813109388
813109783
813109833
813111478
813116105
813116984
813129266
813133720
813140138
813140584
813140768
813140782
813140832
813141197
813141464
813141731
813141980
813142317
813142452
813142573
813142630
813142776
813143312
813143369
813143401
813143433
813143682
813143718
813143746
813143935
813144624
813144688
813144866
813144909
813144962
813145263
813145270
813145384
813145419
813145719
813146511
813146550
813146600
813146995
813147061
813147232
813147271
813147321
813147410
813147652
813147816
813147912
813148010
813148312
813148462
813148601
813148754
813148829
813148932
813148957
813149201
813149265
813149347
813149964
813150171
813150310
813150431
813150926
813151088
813151259
813151693
813152172
813152368
813152418
813152902
813152927
813152934
813153203
813153324
813153349
813153388
813153395
813153406
813153655
813154554
813154593
813154650
813155581
813155745
813156053
813156605
813156676
813156733
813156950
813157059
813157170
813157187
813157222
813157408
813157454
813157881
813157931
813157949
813158435
813158474
813158481
813158563
813158645
813158669
813158711
813159156
813159341
813159505
813159569
813159811
813159843
813159850
813159868
813159900
813160087
813160322
813160742
813161050
813161214
813161883
813162152
813162234
813167579
813167587
813188229
813188802
813191638
813191691
813191848
813192156
813192213
813192544
813192583
813192640
813193048
813193532
813194132
813194171
813194292
813194456
813194463
813194666
813194812
813194851
813194940
813195273
813195686
813196165
813196172
813196208
813196293
813197317
813197623
813197872
813198118
813198209
813198547
813198682
813198757
813198764
813198903
813199617
813199987
813201032
813201363
813201420
813202141
813202305
813202401
813202611
813202725
813204039
813204078
813204427
813205041
813205066
813205155
813205657
813206225
813206926
813207035
813207380
813207462
813207722
813208023
813208144
813208393
813208404
813208525
813208728
813208824
813209164
813209310
813209716
813209762
813209940
813210152
813210323
813210412
813210565
813210580
813210615
813210800
813210849
813210857
813211343
813211546
813211749
813211917
813211941
813211980
813212253
813212274
813212356
813212922
813212961
813213102
813213223
813213522
813213650
813214364
813214713
813214873
813215142
814103210
814107689
814110660
814114349
814114598
814116994
814132781
814144506
814153252
814153302
814153537
814154735
814158623
814159390
814159999
814160072
814160414
814160866
814161861
814162116
814162432
814162707
814162753
814163887
814164206
814164238
814164268
814166196
814166552
814166634
814166748
814166940
814167490
814169694
814171161
814175583
814176966
814177157
814177292
814180096
814180559
814181699
814181757
814182204
814182599
814183555
814183740
814184162
814185168
814186430
814186868
814189444
814189558
814189622
814189992
814190076
814190286
814190375
814190457
814190471
814190560
814190788
814190877
814190902
814190966
814191178
814191203
814191210
814191242
814191256
814191349
814191356
814191406
814191452
814191534
814191655
814191677
814191705
814191801
814191858
814191872
814191979
814192045
814192134
814192141
814192159
814192173
814192216
814192248
814192974
814193713
814195340
814203926
814204348
814204782
814204800
814205375
814205820
814206370
814208970
814208987
814209360
814209384
814209427
814210109
814210899
814211809
814211862
814212494
814214145
814214342
814214709
814215184
814215280
814216005
814216375
814216635
814216642
814216902
814216918
814217790
814218006
814218038
814218127
814218287
814218579
814219058
814219332
814219460
814219492
814220046
814220142
814220644
814220733
814220765
814221995
814222136
814222450
814222467
814222474
814222727
814223487
814223843
814223882
814225417
814225666
814225876
814226280
814226654
814227489
814229718
814229747
814232785
814235564
814235856
814240077
814240351
814241296
814241325
814241955
814242306
814242822
814243002
814243059
814243194
814243707
814243785
814244008
814244015
814244111
814244556
814245341
814245715
814245900
814246354
814247082
814247552
814247634
814248469
814249133
814249425
814250534
814250580
814251127
814251725
814251974
814252752
814253345
814253402
814253473
814253669
814254326
814255047
814255193
814255200
814255218
814255314
814255710
815100085
815101493
815102702
815104411
815106437
815107980
815112080
815115532
815115589
815117572
815119420
815119630
815119954
815120127
815120771
815120892
815121154
815121745
815122053
815122740
815122982
815123237
815123244
815123283
815123415
815128259
815135467
815140400
815142134
815145899
815154130
815156019
815157442
815157620
815158918
815159062
815159532
815160716
816024562
816051641
816070232
816072482
816079039
816079893
816082028
816085483
816086119
816086432
816087160
816088508
816088515
816088593
816088764
816088999
816089193
816089236
816089421
816089503
816089631
816089649
816089656
816089670
816089720
816089827
816090199
816090548
816091422
816093551
816093829
816094126
816095488
816097286
816098630
816098694
816098840
816099497
816099643
816099700
816100526
816101674
816102744
816103091
816103305
816103928
816104574
816106027
816106034
816107570
816108238
816108409
816109190
816109404
816112449
817002992
817004445
817006567
817008874
817011272
817015580
817018391
817018968
817022393
817025188
817027757
817029676
817030212
817030714
817030753
817031339
817034050
817034246
817038440
817039268
817039866
817040085
817040110
817040128
817040200
817041301
817041721
817042136
817042638
817043245
817043455
817043505
817043945
817044183
817044354
817044361
817044589
817044849
817045004
817045253
817045350
817045463
817045641
817045869
817046526
817046558
817046661
817047343
817047610
817047998
817048089
817048616
817048826
817048880
817049198
817049351
817049675
817049839
817050389
817050617
817051683
817051690
817052109
817054672
817055322
817056260
817056488
817056495
817056919
817057298
817057387
817057768
817058852
817059257
817059954
817060472
817061229
817061421
817061765
817062060
817063504
817064531
817066183
817066525
817066742
817066968
817067285
817067641
817068387
817068793
817069375
817069635
817070160
817070185
817070858
817070993
817071270
817071508
817071942
817072325
817072439
817072745
817072873
817073523
817074130
817074187
817074874
817075111
817075199
817075225
817075241
817075410
817075606
817076455
817076462
817076544
817076665
817076893
817077105
817077607
817078092
817078869
817078933
817079704
817079736
817079743
817080126
817080457
817080653
817080891
817081491
817082198
817083147
817083439
817083492
817084943
817085220
817085618
817086136
817086606
817086759
817086937
817087067
817087284
817087836
817087850
818005450
818009840
818011948
818018070
818020452
818021746
818023231
818032508
818034861
818035066
818036481
818036506
818036887
818037099
818038468
818044026
818045516
818045651
818046162
818046995
818047715
818049315
818049849
819002005
819002585
819003445
819011641
819011883
819358072
819359128
819359808
819361652
819362430
819362448
819362793
819363137
819363315
819363361
819363557
819363678
819363703
819363756
819363781
819363817
819363856
819363888
819363961
819363977
819364029
819364036
819364075
819364082
819364100
819364189
819364285
819364367
819364374
819364449
819364456
819364566
819364748
819364755
819364762
819364771
819370270
819371828
819378139
819378153
819378445
819380396
819380670
819380859
819381231
819383410
819385354
819386616
819386659
819386984
819387921
819388941
819389438
819392434
819404566
819406108
819407765
819408867
819409136
819410697
819412367
819412470
819412618
819414375
820115092
820138785
820139182
820139190
820145242
820146636
820146821
820146942
820146981
820149244
820149408
820150015
820151658
820154113
820154234
820158916
820161296
820162213
820162576
820163315
820163347
820163963
820164075
820164989
820165483
820165693
820166795
820166959
820167025
820167267
820167420
820167491
820167514
820167541
820168390
820168846
820169282
820170021
820171760
820172595
820173423
820173843
820174072
820174125
820174176
820174297
820174315
820174429
820174482
820174532
820174596
820174799
820175075
820175851
820176120
820176587
820177254
820177592
820177610
820177731
820178153
820180670
820181199
820181270
820181288
820181783
820181936
820182618
820182778
820184003
820184067
820185233
820185952
820186350
820186618
820186755
820187113
820187202
820188247
820188838
820189420
820189630
820190084
820190508
820190636
820191135
820191332
820191340
820191761
820192249
820194079
820194517
820195811
820195843
820196112
820196639
821103520
821106790
821107682
821108108
821108186
821109021
821109256
821111392
821113112
821120835
821140426
821140497
821143707
821145900
821150370
821150880
821151807
821151942
821151974
821152186
821152193
821152243
821152282
821152318
821152439
821152605
821152656
821152916
821153181
821155759
821155983
821157386
821157607
821159088
821159750
821161598
821161783
821162134
821163599
821164822
821165229
821167487
821167528
821167996
821168557
821170120
821170693
821171457
821171489
821172751
821173091
821173910
821174460
821175338
821176237
821176290
821176326
821176867
821177257
821177595
821177727
821178131
821178989
822033886
822084375
822088224
822090225
822090378
822090442
822090474
822092475
822094540
822095090
822095101
822095222
822096304
822098179
822099847
822100000
822100331
822100491
822101020
822101173
822101807
822101981
822102446
822102528
822103092
822103562
822104365
822104600
822104714
822104867
822105022
822105225
822105264
822105271
822105378
822105428
822105442
822105467
822105524
822105606
822105638
822105652
822105677
822105741
822105855
822105887
822105912
822105976
822106010
822106067
822106131
822106163
822106213
822106269
822106430
822106512
822106601
822106779
822106875
822107062
822107945
822108278
822108367
822108417
822110051
822110197
822111559
822111687
822111865
822112102
822112369
822112547
822112696
822112846
822113364
822113859
822113873
822114128
822114224
822114263
822114651
822115155
822115372
822115397
822115949
822116015
822116937
822117074
822117284
822117334
822117373
822117380
822117626
822117683
822118087
822118137
822118258
822118863
822120615
822121101
822121838
822121852
822125594
822132592
822132610
822133783
822134668
822135617
822136085
822137290
822137504
822137550
822137746
822137867
822138307
822138346
822138702
822139312
822139576
822139583
822140176
822140289
822140518
822140895
822141171
822142070
822142775
822143012
822143375
822143553
822144930
822145013
822145141
822145846
822146745
822147135
822147360
822147466
822147683
822147772
822148002
822148671
822149677
822150131
822150327
822150366
822150525
822150722
822150829
823033202
823033679
823033832
823037503
823041455
823042297
823044775
823047675
823051638
823053482
823055362
823061333
823062403
823064265
823064607
823065584
823066298
823068947
823071103
823071181
823071459
823072123
823072301
823072422
823072810
823072853
823072867
823072949
823073008
823073022
823073054
823073061
823073079
823073086
823073104
823073111
823073143
823073168
823073175
823073378
823073474
823073588
823073620
823073638
823075169
823075226
823076890
823077024
823077177
823077469
823077635
823077818
823078788
823079107
823079370
823079662
823080337
823080480
823081268
823081802
823081880
823082573
823082701
823083059
823083244
823084403
823084780
823085067
823085544
823086308
823087189
823087239
823087488
823087709
823087787
823088184
823088394
823089514
823090000
823090203
823091141
823092161
823093320
823093620
823093861
823093911
824031535
824032968
824033714
824040541
824041369
824078168
824078321
824087690
824091678
824092584
824093633
824096337
824096383
824097357
824098060
824099904
824100547
824101866
824102847
824102982
824103269
824103640
824104677
824104684
824104691
824104727
824104855
824104862
824104871
824104894
824104924
824105238
824105260
824105277
824105423
824105551
824105672
824105722
824106105
824106112
824106361
824106621
824106660
824106692
824106913
824107698
824108422
824113224
824114792
824117151
824121729
824121737
824122006
824124516
824124548
824124822
824125227
824125397
824125874
824126289
824127544
824127715
824128023
824128078
824128379
824129075
824129303
824129367
824129456
824129812
824130002
824130451
824130540
824131934
824132356
824133294
824133892
824134154
824136415
824136550
824137451
824137595
824139226
824140157
824145421
824146249
824150190
824150906
824154242
824156058
824156097
824156134
824156948
824158194
824158511
824161804
824162050
824162075
824163070
824163424
824163825
824164140
824165018
824165242
824165616
824166999
825000254
825001467
825002561
825002604
825003282
825003827
825003948
825003987
825004576
825004605
825004911
825005657
825008062
825008074
825009335
825009869
825009997
825010608
825012477
825013287
825014909
825014923
825015797
825015886
825016162
825016397
825016874
825016970
825017271
825017289
825017848
825019308
825019678
825019685
825019692
825020520
825020709
825021088
825021298
825021451
825021800
825023192
825023922
825024020
825024695
825024771
825024892
825024942
825024981
825025923
825026758
825026968
825027408
825027696
825027760
825028200
825028549
825028862
825029188
825029583
825030219
825030653
825030817
825031246
825031709
825040996
825043729
825047866
825058108
825058827
825059523
825061136
825061232
825061620
825062640
825075221
825075602
825075876
825081726
825082148
825082251
825082326
825083061
825083104
825084672
825084747
825084996
825085226
825086004
825087298
825087387
825087469
825087704
825088101
825088838
825089541
825089662
825089872
825089887
825089947
825090223
825090611
825092078
825093187
825093333
825093760
825093810
825094129
825095010
825095099
825095104
825096498
825096938
825097566
825099101
825100347
825102526
825103496
825105668
825106357
825110067
825111280
825114119
825114553
825120360
825120809
825121220
825124818
825125980
825126461
825131194
825136311
825136610
825139559
825141172
825150909
825160419
825168167
825169012
825169165
825172962
825173740
825174924
825175175
825175517
825177201
825178812
825184498
825185269
825188443
825188920
825189545
825190120
825190907
825191126
825193999
825196116
825196194
825196319
825197093
825198836
825199201
825199354
825199621
825200493
825203678
825204805
825205953
825206188
825206813
825207986
825209065
825210231
825210498
825211098
825211461
825211504
825211657
825212392
825213544
825216622
825216871
825216921
825217440
825217724
825218317
825219180
825220624
825220752
825220791
825223022
825223111
825224964
825225183
825225436
825226132
825227273
825227647
825227686
825228521
825229979
825230383
825232174
825232480
825234321
825235494
825235569
825236190
825236490
825237762
825237940
825238017
825238259
825238355
825239165
825239215
825239418
825239447
825239813
825240018
825240203
825242357
825242453
825242503
825242567
825245200
825245248
825246957
825247646
825248794
825249106
825249540
825250165
825250941
825251947
825252270
825252586
825254078
825254784
825255689
825255714
825255842
825256150
825256346
825256773
825256780
825256976
825257149
825257310
825257893
825258190
825258653
825259577
825261286
825261578
825261966
825262057
825262406
825262801
825262840
825263694
825263757
825263839
825264236
825264243
825264268
825265142
825265167
825265263
825265391
825265466
825266244
825266290
825266415
825266835
825267360
825268487
825268626
825269009
825269169
825269233
825269240
825269863
825270100
825270239
825270335
825270367
825270470
825270602
825270876
825271024
825271191
825271768
825272037
825272076
825272083
825272311
825272521
825272700
825272845
825275971
825276249
825276950
825277644
825278143
825278595
825278684
825278766
825278887
825279793
825279850
825279925
825279964
825280120
825280322
825281118
825281164
825281310
825281506
825281552
825281716
825281940
825282234
825282444
825283119
825283628
825284460
825284484
825284662
825284729
825284897
825284954
825285141
825285458
825286179
825286607
825287256
825287651
825288080
825288116
825288194
825288582
825288881
825290537
825291354
825291781
825291984
825292901
825293647
825294261
825294457
825295032
825295776
825296287
825296327
825296497
825296700
825296999
825297229
825297880
825297930
825298053
825298936
825298943
825300643
825300718
825300860
825300885
825301631
825302217
825302377
825302384
825302516
825304111
825304613
825304727
825305373
825305811
825306386
825306393
825307075
825307513
825307890
825308152
825308298
825308633
825308825
825308978
825309012
825309037
825309247
825309507
825309560
825309756
825310025
825310915
825311110
825311675
825311771
825311853
825311860
825312229
825312325
825312542
825312977
825313110
825313992
825314434
825314803
825315022
825315314
825315360
825315467
825315727
825315848
825315937
825315983
825316327
825316633
825316722
825317482
825318417
825318577
825318602
825318627
825319348
825319889
825319907
825319978
825320101
825320197
825320208
825320222
825320329
825320521
825321242
825321491
825321598
825321623
825321979
825322180
825322198
825322885
825323065
825323236
825323439
825323631
825323695
825323994
825324014
825324313
825324480
825324637
825325066
825325073
825325116
825325212
825325358
825325625
825325696
825326346
825326506
825326556
825326588
825326691
825327035
825327131
825327334
825327448
825328494
825328500
825328557
825328824
825329253
825329367
825329449
825329495
825329634
825330160
825330241
825330394
825331090
825331119
825331239
825331343
825331425
825331770
825331934
825332307
825332331
825332484
825332630
825332961
825332979
825333013
825333322
825333337
825334204
825334236
825334396
825334670
825334916
825334962
825335384
825335854
825335975
825336874
825336899
825336949
825337061
825337232
825337662
825337715
825337823
825338010
825338423
825338925
825339016
825339272
825339653
825339863
825339977
825340278
825340374
825340634
825341001
825341063
825341106
825341191
825341241
825341362
825341647
825342546
825342653
825343712
825344344
825344465
825345193
825345446
825345880
825345987
825346473
825346822
825347027
825347187
825347276
825347568
825347582
825348385
825349081
825349206
825349291
825349544
825349786
825349836
825350183
825350393
825350571
825350692
825351142
825351520
825351563
825352280
825352298
825352394
825353236
825353806
825353852
825354025
825354114
825354840
825355390
825355508
825355547
825355892
825355910
825356407
825356510
825356528
825356574
825356791
825357007
825357110
825357167
825357352
825357605
825357733
825357815
825357968
825358251
825358397
825358493
825358931
825358956
825359168
825359200
825359307
825359875
825359937
825360010
825360245
825360366
825360551
825360868
825361105
825361386
825361906
825362004
825362100
825362239
825362278
825362431
825362513
825362890
825362965
825363056
825363095
825363120
825363191
825363234
825363394
825363437
825363647
825363857
825364158
825364813
825365513
825365527
825365790
825365993
825366038
825366084
825366118
825366465
825366629
825366700
825366807
825367040
825367236
825367332
825367396
825367503
825367599
825367791
825368046
825368427
825368612
825368683
825368701
825369276
825369486
825370079
825370727
825370905
825371195
825371220
825371455
825371682
825372287
825372308
825372330
825372525
825372728
825372817
825372856
825373463
825373709
825373829
825373965
825374437
825374451
825374615
825375051
825375165
825375425
825375756
825376025
825376445
825376609
825376722
825376737
825376986
825377020
825377885
825377903
825377953
825377981
825378001
825378058
825378268
825378859
825378873
825379270
825379509
825379626
825379733
825379765
825379847
825379994
825380130
825380155
825380340
825380899
825380949
825381197
825381346
825381727
825382156
825383030
825383361
825383496
825383518
825383653
825383703
825383774
825384036
825384171
825384292
825384449
825384513
825384762
825384997
825385063
825385273
825385526
825385565
825385864
825386101
825386197
825386286
825386700
825386717
825386877
825387559
825387598
825387979
825387986
825388369
825388419
825388440
825388814
825388821
825389161
825389346
825389389
825389414
825389948
825389962
825390092
825390217
825390263
825390391
825390562
825390929
825391109
825391415
825391486
825391596
825392093
825392136
825392168
825392264
825392385
825392563
825392645
825392870
825393188
825393334
825393398
825393416
825393527
825393708
825393850
825394055
825394219
825394475
825394589
825394621
825394742
825395171
825395303
825395310
825395495
825395545
825395602
825395997
825396017
825396405
825396768
825396782
825396800
825396857
825396864
825396889
825396992
825397667
825397674
825397788
825397959
825398032
825398096
825398178
825399045
825399159
825399223
825399324
825399376
825399440
825399611
825399718
825399745
825399928
825400451
825400686
825400750
825400825
825400864
825401012
825401215
825401382
826005699
826006598
826008670
826009402
826009509
826009605
826010575
826011360
826012708
826013190
826014762
826018141
826022061
826027820
826034900
826035870
826037177
826037540
826037558
826037565
826037633
826038140
826038927
826039420
826040967
826041268
826042676
826042701
826043511
826043575
826043664
826043721
826043739
826043778
826043792
826043803
826043810
826043828
826043835
826043842
826043874
826043881
826045494
826047901
826048095
826048113
826048227
826048679
826049090
826051515
826052478
826054269
826055248
826055773
826056195
826057105
826057126
826057571
826057692
826057728
826058883
826059588
826059800
826062390
826062458
826063080
826064950
827101490
827102507
827103420
827104351
827104860
827105916
827106936
827110913
827112661
827112693
827113507
827114324
827114744
827123729
827126910
827127670
827132518
827135457
827137320
827138026
827139847
827139975
827139997
827141951
827143379
827144883
827145490
827146980
827161968
827167280
827174717
827175170
827175680
827176938
827177068
827180235
827182784
827182841
827182859
827182866
827182994
827183103
827183217
827183263
827183384
827183391
827183411
827183459
827183587
827183719
827183740
827183808
827183847
827183886
827183929
827183936
827183982
827183995
827184016
827184179
827184212
827184753
827184931
827185378
827190197
827190343
827191819
827193058
827194270
827195080
827195963
827196307
827196734
827197327
827200524
827201124
827201206
827201633
827201940
827202906
827204412
827204985
827205140
827205400
827205592
827206502
827206541
827207134
827207579
827208389
827209306
827209562
827209637
827209758
827209893
827210415
827210461
827210803
827210899
827211507
827213009
827213646
827214189
827216368
827216902
827219300
827219599
827219713
827219994
827220562
827223601
827224258
827225214
827225709
827226323
827226355
827226864
827227425
827227514
827227681
827227891
827228299
827228484
827229629
827229700
827229846
827230738
827230784
827231174
827231256
827231911
827232059
827232148
827232162
827232739
827233047
827233410
827233780
827233894
827233925
827234238
827234590
827234932
827234989
827235169
827236776
827236890
827237412
827237451
827238418
827238425
827238585
827238966
828001120
828010289
828010871
828011409
828013374
828013698
828014871
828026076
828026941
828039305
828042671
828046399
828049623
828049662
828049769
828049801
828049819
828049833
828050287
828050351
828050440
828050472
828050860
828055829
828056087
828057919
828062001
828062371
828063345
828063384
828064148
828064433
828066334
828067183
828068260
828068591
828069501
828069597
828069921
828071712
828072006
828072878
828073115
828074466
829006429
829007965
829011480
829014618
829020133
829032388
829033878
829046199
829052138
829053806
829053852
829053973
829054018
829054139
829054185
829054192
829054274
829054281
829054324
829054395
829058810
829062723
829062869
829064471
829065107
829065388
829065744
829065858
829068249
829068683
829068861
829069760
829069931
829070339
829075717
829076573
829084716
829087032
829087363
829091319
829091365
829091511
829091568
829091714
829095775
829098491
829098559
829098751
829098947
829099216
829099376
829100572
829100939
829100978
829101158
829101165
829101980
829104617
829105007
829105669
829105690
829108551
829108779
829108804
829112934
829113776
829113819
829115268
829115688
829116181
829117493
829118218
829119081
829119544
829119843
829120354
829120564
830135474
830137411
830138075
830139234
830139316
830141114
830146467
830151652
830152502
830154250
830154713
830156721
830158099
830158291
830159767
830160303
830160328
830161070
830161405
830162642
830163452
830163484
830163887
830166352
830166530
830166575
830166676
830166780
830166943
830167187
830170468
830170742
830173667
830173681
830173699
830173891
830174267
830175860
830176193
830176955
830185993
830186273
830186287
830187802
830187859
830188053
830188367
830188637
830189340
830189600
830189856
830190257
830190410
830190588
830190595
830190638
830191264
830191341
830191868
830192127
830192500
830192525
830193374
830193552
830194394
830194608
830194647
830195051
830195293
830197604
830197700
830198492
830199256
831000013
831001414
831001880
831002936
831002982
831003290
831004524
831004894
831007303
831007431
831008330
831010331
831012186
831012656
831013270
831013594
831014397
831015922
831018584
831020005
831020464
831021986
831022255
831022892
831023108
831024270
831024683
831024950
831025422
831025970
831026232
831026428
831026702
831026780
831027683
831027964
831028112
831029011
831029075
831029356
831030070
831030280
831031005
831031076
831031560
831031917
831032406
831032790
831032872
831032908
831033134
831033223
831033344
831033636
831033935
831034115
831034720
831035352
831035480
831035765
831035886
831036162
831038583
831038892
831039023
831039258
831039272
831039557
831039817
831039906
831040538
831040627
831040723
831040901
831041202
831041280
831041355
831041608
831042375
831042432
831042934
831043541
831043694
831043744
831043986
831044134
831044351
831044530
831045154
831045656
831045695
831045909
831046103
831046459
831046605
831046683
831046822
831047671
831047874
831048150
831048244
831048289
831048403
831048499
831048912
831049188
831049551
831049900
831049925
831051463
831052210
831052483
831053418
831053592
831053845
831053902
831054242
831054559
831054566
831056535
831056574
831057021
831057046
831057085
831057181
831057982
831062933
831063095
831063387
831064101
831065527
831067001
831067236
831068174
831068295
831068621
831069333
831069493
831069988
831070030
831070570
831071003
831072123
831072183
831072589
831074164
831074451
831077223
831078236
831079669
831081905
831083870
831085095
831085750
831086717
831089923
831090555
831091595
831091810
831093052
831093284
831093583
831095342
831095520
831096145
831099981
831100024
831101368
831101539
831101724
831102833
831103846
831105224
831106874
831107912
831108156
831108423
831108455
831108786
831109888
831110050
831114458
831115211
831115706
831115909
831116313
831116765
831116879
831116904
831117479
831117600
831118182
831118346
831118499
831118780
831119487
831119989
831120393
831121602
831121709
831121730
831121883
831122647
831122654
831123610
831123910
831123934
831124146
831124573
831125020
831125127
831125547
831125771
831126001
831127384
831127758
831128041
831128187
831129442
831129951
831130263
831130708
831131265
831132141
831133372
831133394
831133686
831134806
831135000
831135281
831135833
831136337
831136440
831136740
831137765
831138046
831138092
831138360
831138701
831138911
831140474
831140524
831140570
831140702
831141051
831142169
831142756
831142767
831142961
831143627
831144160
831144316
831144533
831144597
831144825
831145140
831145546
831146096
831146737
831146826
831146979
831147604
831147690
831148132
831148282
831148955
831149142
831149174
831149516
831149690
831150194
831150504
831151047
831151200
831152220
831152291
831152416
831152512
831152722
831152957
831152996
831153190
831154125
831154335
831154926
831155316
831155405
831156208
831157042
831157370
831157463
831157840
831158472
831158554
831159916
831160651
831162232
831162435
831163925
831164009
831164151
831164895
831165449
831166355
831167311
831167400
831167699
831167700
831167813
831168032
831168071
831168420
831169006
831169013
831169134
831169141
831169180
831169248
831169433
831169814
831169860
831169935
831170649
831170670
831170916
831170962
831171224
831171893
831172066
831172174
831172290
831172372
831172380
831172454
831172778
831172881
831172917
831173346
831173894
831174131
831174868
831175272
831175571
831175781
831175817
831176851
831176883
831176901
831177266
831177501
831178286
831178311
831178941
831179160
831179274
831179534
831180771
831180903
831181211
831181357
831181460
831181670
831181873
831182498
831182516
831183251
831183422
831183828
831184798
831185170
831185708
831185957
831186265
831186322
831186468
831186703
831186977
831187140
831187292
831188056
831188615
831188711
831188800
831189368
831190114
831190210
831190281
831190986
831191084
831191115
831191636
831191853
831192058
831192670
831192916
831193384
831193480
831193835
831193893
831194080
831194422
831194447
831194529
831194803
831194835
831194970
831195455
831195481
831195531
831195905
831196430
831196836
831196918
831197062
831197436
831197557
831197742
831197920
831197952
831198214
831198591
831198602
831198869
831199017
831199405
831199661
831199921
831200067
831200416
831200804
831200900
831201692
831201913
831202043
831202075
831202335
831202406
831202627
831202883
831203526
831203540
831203565
831203654
831203711
831204286
831204553
831204966
831205057
831205235
831205541
831206127
831206134
831206173
831206472
831206878
831206967
831207713
831207761
831208092
831208637
831208904
831209098
831209194
831209212
831209415
831209568
831209970
831210061
831210086
831210296
831210392
831210691
831210848
831211220
831211284
831211779
831212105
831212849
831213036
831213118
831213805
831213919
831214259
831214273
831214330
831214348
831214451
831214630
831214857
831214960
831215037
831215044
831215101
831216121
831216153
831216203
831216783
831217077
831217611
831218275
831218492
831218663
831218791
831219167
831219306
831220187
831220575
831221741
831221773
831221905
831221920
831222149
831222583
831222626
831222989
831223639
831223742
831224495
831224506
831224965
831225394
831225647
831225914
831227299
831227776
831227922
831228262
831228351
831228668
831229033
831229631
831229695
831230320
831230605
831231319
831231640
831231714
831231753
831231995
831232111
831232360
831232442
831232719
831233423
831233875
831233882
831234070
831234817
831235043
831235157
831235196
831235221
831235463
831235634
831235641
831236063
831236095
831236405
831236565
831236572
831236622
831236661
831236743
831236790
831237044
831237165
831237286
831237293
831237852
831237869
831238160
831238242
831238623
831238922
831239134
831239547
831239643
831239668
831239694
831239892
831239903
831239999
831240115
831240439
831240617
831240784
831240987
831241014
831241861
831241886
831242080
831242162
831242301
831242439
831242550
831242835
831243150
831243289
831243435
831243969
831244067
831244738
831244754
831244793
831245055
831245144
831245735
831245984
831246011
831246090
831246285
831246310
831246399
831247483
831247565
831248247
831248464
831249185
831249438
831249573
831249712
831250344
831250508
831250554
831250885
831250910
831250950
831251080
831251108
831251624
831251656
831251706
831252402
831252622
831252765
831252990
831253283
831253970
831254242
831254257
831254392
831254549
831254563
831254613
831254727
831254734
831254809
831254887
831255124
831255455
831255512
831255569
831255576
831255640
831255829
831256151
831256272
831256354
831256482
831256660
831257029
831257488
831257506
831257641
831257698
831257890
831258953
831259024
831259795
831260687
831260776
831260790
831260979
831261248
831261480
831262670
831262898
831263789
831264900
831264917
831265054
831265079
831265225
831265937
831265990
831267016
831267219
831267361
831267728
831267774
831268221
831268260
831268470
831268641
831269565
831269818
831270021
831270457
831270464
831270877
831270973
831271242
831271274
831271769
831271776
831271915
831271961
831272052
831272699
831273300
831274555
831274943
831275123
831275148
831275447
831276086
831276200
831276264
831276508
831276766
831276905
831276983
831277081
831277512
831277722
831278393
831278888
831279050
831279207
831279381
831279506
831279805
831280120
831280394
831280490
831281025
831281188
831281208
831281852
831282114
831282331
831282662
831282694
831282744
831283839
831283935
831284154
831284916
831284923
831285181
831285224
831285427
831285473
831285509
831285562
831285587
831285612
831285651
831285676
831285690
831285701
831285733
831285847
831286326
831286504
831286785
831286828
831287175
831287182
831287243
831287296
831287339
831287848
831287969
831288081
831288341
831288359
831288512
831288804
831288829
831300288
831300516
831301276
831301511
831301810
831302296
831302912
831303238
831304265
831305965
831306095
831306572
831306634
831308324
831309102
831309629
831310147
831310211
831310299
831310357
831311480
831311625
831312543
831313218
831313556
831314430
831314722
831314734
831314897
831315137
831316407
831316844
831317056
831317273
831317309
831318820
831319064
831319114
831319228
831320045
831320102
831320114
831321058
831321414
831322021
831323707
831324588
831324912
831325074
831325117
831326646
831327374
831327381
831327584
831327659
831327805
831329254
831329578
831329998
831330025
831330388
831330573
831330744
831331134
831331305
831332898
831334162
831334174
831334212
831334340
831334432
831334447
831334707
831334785
831335225
831335823
831336576
831337571
831337757
831338011
831338050
831338958
831339825
831339864
831340806
831341580
831341769
831341872
831341938
831342045
831342262
831343058
831343065
831343290
831343880
831344701
831344847
831345415
831346321
831346549
831346780
831346983
831347056
831347163
831347925
831348863
831349260
831349577
831349716
831350273
831350405
831350476
831351021
831351237
831351442
831351585
831352018
831352769
831352915
831353013
831353062
831353180
831354179
831354407
831354777
831354923
831355950
831356059
831356205
831356714
831357175
831357314
831357606
831357684
831357983
831358523
831358715
831358964
831359258
831360075
831360214
831360716
831360826
831361280
831361298
831361405
831361782
831362119
831362795
831363071
831363720
831363790
831363833
831363954
831364419
831364515
831365371
831365791
831366991
831367187
831367447
831367536
831368595
831368990
831369003
831369035
831369042
831369430
831370087
831370817
831371029
831371545
831371584
831371926
831372743
831372818
831373090
831373101
831373813
831373877
831374107
831374139
831374160
831374744
831375337
831375696
831376179
831376389
831376542
831377014
831377039
831377815
831378632
831378778
831379385
831381023
831381817
831382125
831382303
831382837
831383106
831383608
831383921
831384222
831385114
831385267
831385511
831386084
831386248
831386440
831386465
831386675
831387147
831387396
831387574
831387631
831387649
831388415
831388637
831388719
831388936
831389326
831389493
831389828
831390264
831390307
831390435
831390524
831391117
831392429
831392831
831392863
831392984
831393125
831393189
831394615
831394736
831395394
831395724
831398656
831399142
831399203
831400623
831400648
831400655
831400705
831400712
831401084
831402097
831403078
831404223
831404529
831404949
831405435
831405442
831405549
831407062
831407500
831407831
831411897
831414060
831414950
831415575
831416182
831419602
831420273
831421681
831422018
831422833
831423230
831423682
831424001
831424236
831426792
831428284
831428494
831428918
831428957
831429287
831429411
831430164
831430171
831430207
831430417
831430837
831430876
831431280
831431323
831432514
831434006
831435115
831435154
831435332
831436620
831437002
831437059
831437080
831437319
831437430
831437493
831437632
831438008
831438499
831438912
831439430
831439811
831439843
831440226
831441374
831441666
831442024
831442095
831442362
831443051
831443119
831443286
831443877
831444947
831445141
831446813
831447295
831447459
831447797
831448187
831449428
831449862
831450099
831451030
831451500
831452495
831452723
831452958
831453597
831454069
831454418
831454877
831454927
831454998
831455317
831455573
831456629
831456696
831457535
831457656
831458733
831459269
831459340
831459568
831460727
831461170
831461334
831461423
831461487
831461633
831461687
831461843
831462226
831462895
831463350
831463470
831463565
831464298
831464375
831464526
831464946
831465119
831465215
831465667
831465681
831466160
831466573
831466580
831467063
831467127
831467579
831468791
831469637
831470002
831470123
831470130
831470283
831470326
831470365
831470479
831471111
831471766
831472380
831472680
831472964
831473087
831473596
831474157
831474805
831475163
831475729
831475914
831476247
831476279
831476304
831476471
831476852
831477032
831477744
831477840
831478789
831478974
831479318
831479421
831479574
831480039
831480288
831480320
831480345
831480594
831480719
831480861
831480943
831481244
831481590
831483291
831483373
831483715
831483811
831484094
831484913
831485029
831485036
831485043
831485851
831486120
831486177
831486309
831486444
831486519
831486782
831486825
831486889
831486960
831487336
831487507
831487795
831487845
831488025
831488228
831489561
831489974
831490001
831490040
831490108
831490364
831491377
831491879
831491943
831492721
831492835
831493015
831493848
831493990
831495282
831495961
831496285
831496350
831496424
831496577
831496926
831496997
831497298
831497840
831498037
831498699
831500627
831501273
831501309
831501394
831501405
831501423
831501704
831501743
831502973
831503018
831503057
831503274
831503915
831504604
831504718
831504910
831505154
831505873
831507283
831507326
831507493
831508015
831508150
831508257
831508264
831508392
831508549
831508563
831508773
831509028
831509149
831509520
831509940
831510333
831510888
831510913
831511068
831511617
831511844
831511851
831511940
831512006
831512024
831512405
831512558
831514071
831514139
831514317
831514598
831514947
831515278
831515536
831515807
831515878
831516802
831516827
831516898
831516972
831517181
831517263
831517320
831517815
831517982
831518187
831518326
831518543
831518707
831518753
831519314
831519435
831519929
831520206
831520213
831520311
831520430
831520551
831520732
831520747
831521105
831521337
831521692
831522132
831522239
831522463
831522926
831522958
831522972
831522989
831523654
831523800
831523871
831524090
831524197
831524293
831524350
831524813
831524891
831524973
831525242
831525559
831525566
831525616
831525872
831526084
831526337
831526497
831526942
831527791
831528690
831529162
831529340
831530296
831530307
831530346
831530734
831531220
831531334
831531761
831532087
831532169
831532354
831532532
831532621
831532735
831533036
831533310
831533513
831533577
831534031
831534106
831535076
831535749
831536146
831536349
831536413
831536477
831536865
831536897
831537209
831538085
831538574
831538955
831539391
831539402
831539411
831539574
831539669
831539758
831540059
831540187
831540632
831540739
831540956
831541150
831541289
831541410
831541734
831541759
831541983
831542081
831542103
831542149
831542291
831542505
831542672
831542836
831543144
831543183
831543272
831543436
831544869
831545241
831545960
831545992
831546005
831546083
831546158
831546464
831546496
831546717
831547064
831547712
831548173
831549122
831549282
831549567
831549784
831550854
831551229
831551269
831551739
831551760
831552264
831552307
831552442
831552638
831552677
831552766
831552862
831552944
831552969
831553149
831553156
831553170
831553260
831553697
831553925
831554087
831554728
831554824
831554831
831554964
831555043
831555095
831555253
831555260
831555470
831555794
831555958
831556049
831556063
831556490
831556597
831557126
831557311
831557432
831557560
831557705
831557980
831559091
831559102
831559166
831559419
831559846
831560617
831561142
831561320
831561391
831561548
831561879
831562269
831562486
831563032
831563129
831563517
831563798
831564117
831564590
831564601
831564633
831564665
831564829
831564918
831564925
831565404
831565525
831566141
831566381
831566431
831566940
831567476
831567533
831567572
831567597
831567818
831567864
831569096
831570134
831570508
831570814
831571371
831571866
831571994
831572007
831572142
831572249
831572313
831572690
831573098
831573116
831573194
831573212
831573575
831574168
831574809
831574862
831575051
831575380
831575398
831575525
831575868
831575932
831576201
831576322
831576354
831576831
831577011
831577036
831577050
831577082
831577092
831577100
831577292
831577310
831577794
831578348
831578405
831578540
831578978
831579165
831579489
831580018
831580356
831581173
831581312
831581771
831582033
831582058
831582250
831582777
831582859
831583103
831583142
831583523
831583815
831583950
831584187
831584422
831584454
831585378
831585385
831585556
831585780
831586074
831586081
831586494
831586722
831586900
831586964
831587016
831587379
831587532
831587544
831587817
831588004
831588149
831588399
831588449
831588755
831589298
831589622
831589864
831589871
831590020
831590119
831590236
831590329
831591046
831591274
831592223
831592294
831593834
831594256
831594434
831594726
831594893
831594997
831595340
831595439
831595511
831595689
831595931
831596196
831596595
831597117
831597156
831597238
831597245
831597672
831599125
831599399
831599545
831600047
831600549
831600595
831600870
831601117
831601494
831601590
831601754
831602614
831602895
831602991
831603495
831604323
831604330
831605546
831605795
831605806
831605813
831605845
831606146
831607718
831607903
831608179
831608555
831608688
831608791
831608873
831608987
831609046
831609320
831609612
831609879
831611887
831612262
831612315
831612665
831612811
831613048
831613137
831613685
831613804
831613870
831614303
831615024
831615202
831615519
831615693
831616222
831616457
831617064
831617445
831618508
831618771
831618974
831619033
831619332
831619559
831621372
831621388
831623042
831624076
831624308
831625627
831625762
831626113
831626729
831628048
831628160
831628267
831628356
831629369
831629853
831629999
831630268
831630371
831630439
831630485
831630962
831631007
831631419
831631587
831631830
831631992
831632130
831632365
831632582
831632917
831633086
831633232
831633403
831633502
831633702
831634291
831634626
831634754
831635009
831635122
831635144
831635482
831635543
831635767
831636278
831636381
831636680
831636812
831636876
831637120
831637298
831637394
831637476
831637501
831637533
831637584
831637711
831638012
831638973
831639833
831639922
831639954
831639961
831640134
831640604
831640675
831640718
831641161
831641407
831641446
831641485
831641624
831641688
831641713
831641777
831641791
831641818
831641834
831641930
831641962
831642078
831642135
831642142
831642181
831642295
831642441
831642555
831642562
831642594
831642651
831642676
831642740
831642772
831642847
831642879
831642968
831642996
831643017
831643066
831643130
831643170
831643283
831643301
831643461
831643842
831643995
831644022
831644150
831644307
831644556
831645035
831645291
831645302
831645409
831645487
831645551
831645665
831646048
831646518
831646952
831646991
831647125
831647164
831647919
831648572
831649382
831649440
831649724
831649927
831650089
831650299
831651159
831651337
831651554
831651682
831651878
831652485
831652656
831653886
831654205
831654486
831655168
831655652
831655920
831655969
831656220
831656472
831656487
831656544
831656754
831656836
831656875
831656882
831656964
831657048
831657144
831657500
831657540
831657799
831657945
831658029
831658253
831658666
831658794
831659024
831659234
831659387
831659825
831659832
831660005
831660037
831660140
831660293
831660425
831660610
831660763
831660770
831661160
831661300
831661452
831661580
831661721
831661819
831661986
831662020
831662038
831662091
831662287
831662369
831662531
831662636
831662757
831662807
831663001
831663122
831663581
831663873
831664231
831664270
831664345
831664480
831664530
831664815
831664822
831665109
831665237
831665301
831665625
831665632
831665689
831666218
831666353
831666645
831667074
831667081
831667302
831667494
831667551
831667658
831667681
831667925
831668710
831669328
831669381
831669520
831669577
831669730
831670056
831670184
831670661
831671304
831671350
831671471
831671539
831671642
831671667
831671674
831671699
831671820
831671877
831672121
831672235
831672534
831672872
831672947
831672961
831673045
831673650
831673796
831673807
831674204
831674236
831674421
831674439
831675391
831675498
831676205
831676333
831676591
831676949
831677182
831677289
831677638
831678028
831678131
831678302
831678366
831678373
831678448
831678537
831678836
831679233
831679571
831679589
831679856
831680253
831680399
831680641
831680851
831681266
831681316
831681832
831681939
831682140
831682514
831682603
831683040
831683630
831683881
831684757
831684903
831685019
831685204
831685236
831685827
831685994
831686060
831686427
831686943
831687011
831687066
831687333
831687803
831688225
831689245
831689341
831689366
831689380
831689430
831689487
831689875
831690308
831690411
831690614
831690750
831690977
831691221
831691285
831691488
831691506
831691890
831691981
831692165
831692323
831692608
831693877
831694267
831694915
831695974
831696873
831697263
831697306
831698130
831698422
831698924
831699549
831699645
831699780
831699969
831700364
831700478
831700485
831701135
831702408
831702593
831703129
831703442
831703456
831703937
831704551
831705030
831705774
831706132
831706278
831706424
831706449
831706513
831706618
831706869
831707212
831707490
831707519
831707615
831707729
831707889
831707960
831708418
831708464
831708813
831708959
831709210
831709281
831709356
831709363
831709388
831709484
831709694
831709712
831709979
831710038
831710255
831710668
831710928
831711298
831711791
831711834
831711987
831712092
831712402
831712480
831712562
831712879
831713034
831713155
831714079
831714257
831714271
831714481
831714531
831714613
831714638
831714665
831714727
831714870
831714990
831715633
831715786
831716849
831716863
831717011
831717050
831717082
831717285
831717584
831717680
831718241
831718273
831718597
831718921
831718953
831719158
831719247
831719546
831719560
831719980
831720139
831720242
831720527
831720580
831720819
831720833
831721013
831721077
831721294
831721481
831721814
831722371
831722407
831722446
831722581
831722713
831722745
831722898
831723092
831723306
831723427
831723740
831723861
831724269
831724618
831724859
831725248
831725524
831725645
831725976
831725990
831726188
831726291
831726430
831726521
831726697
831726868
831726971
831726996
831727023
831727265
831727331
831727660
831727752
831728036
831728082
831728278
831728303
831728381
831728424
831728449
831728488
831728506
831728958
831729210
831729227
831729704
831729782
831729985
831730012
831730126
831730368
831730717
831730724
831730763
831730788
831731235
831731267
831731388
831731512
831731979
831732604
831732700
831733019
831733275
831733567
831733720
831733930
831734174
831734669
831734784
831734815
831734982
831735034
831735080
831735123
831735536
831735582
831735835
831735852
831735949
831735988
831736848
831737163
831737366
831737697
831738190
831738201
831738315
831738596
831738984
831739145
831739716
831739824
831740412
831741005
831741037
831741180
831741724
831741998
831742114
831742324
831742349
831742609
831742687
831742712
831743173
831743294
831743401
831743579
831743636
831743981
831744058
831744122
831744325
831745270
831745288
831745313
831745391
831746059
831746066
831746205
831746251
831746415
831746435
831746881
831747150
831747175
831747245
831747531
831747570
831747702
831747727
831747830
831748601
831749087
831749258
831749660
831749703
831749984
831749991
831750335
831750381
831750545
831750673
831750680
831750933
831751177
831751280
831751743
831751818
831752158
831752496
831752966
831753107
831753979
831754515
831754561
831754629
831754821
831754860
831755414
831755777
831755841
831756155
831756644
831757290
831757386
831757568
831757632
831757899
831758182
831758467
831758549
831758613
831759124
831759583
831759829
831759836
831759868
831760016
831760308
831760800
831760870
831761011
831761029
831761328
831761351
831761431
831761538
831761545
831761762
831762106
831762259
831762501
831762615
831762768
831762818
831762960
831763187
831763731
831764114
831764121
831764146
831764192
831764331
831765554
831765682
831765903
831766019
831766133
831766332
831766695
831766720
831766898
831766923
831767021
831767110
831767263
831767459
831767473
831767605
831767683
831767740
831767785
831768340
831768408
831769086
831769104
831769385
831769677
831769734
831769766
831770341
831770409
831770505
831770735
831770761
831800140
831801954
831802344
831802351
831802508
831803072
831803602
831803752
831803916
831804288
831804466
831804509
831804605
831804968
831805237
831805290
831805340
831805372
831805536
831806032
831806168
831806353
831806481
831806570
831806741
831806976
831807245
831807398
831807462
831807487
831807537
831807640
831807850
831807932
831807996
831808151
831808322
831808404
831808614
831808639
831808817
831809207
831809246
831809278
831809381
831809901
831810031
831810213
831810330
831810362
831810608
831810825
831811101
831811197
831811293
831811343
831811368
831811489
831811731
831811795
831811845
831811865
831812160
831812299
831812307
831812317
831812655
831812744
831812751
831812790
831812872
831813390
831813807
831814132
831814250
831814282
831814389
831814453
831814617
831814811
831815014
831815060
831815352
831815391
831815612
831815950
831815982
831816155
831816173
831816461
831816594
831817079
831817225
831817588
831817944
831818220
831818277
831818512
831818989
831819297
831819468
831819607
831819685
831819728
831820292
831820470
831820495
831820716
831820997
831821501
831821818
831821978
831822286
831822724
831822891
831822941
831823300
831823388
831823420
831823477
831823541
831824248
831824497
831824700
831825229
831825236
831825567
831825656
831825695
831825713
831825762
831825802
831825898
831825962
831826441
831826605
831826847
831826943
831827080
831827212
831827856
831828232
831828245
831828346
831828467
831828638
831828848
831828924
831829010
831829035
831829117
831829124
831829188
831829487
831829512
831829619
831830482
831830870
831831004
831831164
831831221
831831239
831831328
831832362
831832526
831832631
831832960
831833165
831833343
831833700
831834304
831834363
831834452
831834477
831834502
831834541
831834630
831834826
831834915
831835013
831835134
831835173
831835320
831835535
831835814
831836656
831836766
831836777
831836916
831837249
831837352
831837441
831837555
831837797
831837808
831837893
831838326
831838422
831838874
831839093
831839225
831839385
831839759
831840238
831840327
831840455
831840836
831840900
831841009
831841176
831841386
831841728
831841888
831842043
831842335
831842972
831843106
831843152
831843330
831843377
831843661
831843871
831843939
831844012
831844254
831844304
831844445
831844471
831845018
831845146
831845363
831845370
831845961
831846038
831846084
831846091
831846287
831846458
831846508
831847058
831847065
831847080
831847108
831847275
831847414
831847485
831847567
831847670
831847760
831847873
831848224
831849785
831849803
831850061
831850289
831850780
831850925
831850944
831851028
831851238
831851327
831851359
831851494
831851658
831851875
831851898
831852272
831852308
831852614
831852646
831852817
831853068
831853310
831853470
831853495
831853602
831853659
831853940
831853972
831854309
831854370
831854533
831854639
831854775
831854825
831854844
831855165
831855261
831855293
831855368
831855449
831855635
831855891
831855966
831856032
831856043
831900151
831900201
831900240
831900443
831900685
831900799
831901036
831901050
831901787
831901933
831902024
831902088
831902113
831902152
831902164
831902273
831902654
831902729
831902889
831902921
831903101
831903336
831903368
831903674
831903852
831904089
831904114
831904121
831904267
831904484
831904662
831904769
831904801
831904908
831905127
831905216
831906827
831906880
831907046
831907288
831907523
831907594
831907822
831908027
831908073
831908276
831908493
831908543
831908835
831909734
831909773
831909855
831910409
831910626
831910633
831910850
831911518
831911525
831911806
831912132
831912310
831912488
831912723
831912901
831913145
831913309
831913387
831913711
831913775
831913794
831913857
831913960
831914037
831914069
831914222
831914418
831914496
831914521
831914845
831914862
831915000
831915121
831915153
831915267
831915388
831915527
831915705
831916038
831916312
831916522
831916700
831916814
831917108
831917161
831917414
831917453
831917485
831917603
831918683
831919283
831919415
831919536
831919867
831919874
831919970
831920410
831920809
831921252
831921633
831921843
831921996
831922087
831922240
831922393
831922541
831923303
831923404
831923545
831923988
831924113
831924191
831924202
831924227
831924953
831925279
831925489
831925674
831925731
831925788
831926281
831926648
831926769
831926865
831926908
831927127
831927223
831927682
831927732
831927744
831928407
831928528
831928567
831928663
831928873
831928898
831929270
832001292
832002825
832006859
832010583
832014375
832015858
832016216
832017097
832018605
832033589
832033646
832036293
832037032
832037139
832037153
832039574
832041148
832041162
832041778
832042759
832042816
832043291
832044411
832044728
832045004
832045157
832045463
832045513
832046202
832046273
832046871
832047845
832047927
832048146
832048228
832048317
832048420
832048438
832048445
832048452
832048463
832048616
832048648
832048721
832048751
832048769
832048776
832048783
832048790
832048801
832048819
832048826
832048840
832048947
832049636
832053905
832059477
832059541
832060383
832060910
832061325
832061670
832063988
832064242
832064969
832065010
832065462
832065505
832065786
832066137
832066404
832067488
832067680
832068483
832069172
832069304
832069521
832069553
832069813
832069959
832070477
832071846
832072001
832072179
832072567
832075353
832075504
832075549
832075848
832076213
832076302
832076551
832076640
832078762
832079259
832079362
832079800
832080546
832080578
832081160
832081178
832082440
832082699
832082807
832083332
832083827
832084128
832084209
832084295
832084361
832086620
832090000
832090661
832091005
832091254
832091464
832091610
832091749
832091852
832092160
832092413
832093038
832093216
832093337
832094460
832094624
832094909
832096066
832096228
832097015
832097759
832097983
832098487
832098576
832098633
832098665
832098843
832098971
832098989
832099144
832100073
832100123
832100543
832100778
832101314
832101360
833000599
833004900
833006456
833006844
833007647
833008507
833008642
833008891
833008918
833009751
833010230
833011624
833011909
833014481
833016888
833017456
833017538
833017552
833017723
833018120
833018241
833018444
833018501
833018825
833019247
833021006
833021561
833022791
833024326
833026334
833027240
833027767
833030083
833030546
833033453
833033554
833033866
833034039
833034637
833034740
833036339
833036969
833038621
833038653
833040049
833040871
833042370
833043458
833043497
833044898
833045174
833049888
833050143
833050513
833051234
833054102
833055581
833055802
833056135
833056256
833056480
833056605
833064609
833065718
833066161
833066179
833066186
833066204
833066243
833066268
833066300
833066340
833066439
833066446
833066485
833066574
833066624
833066663
833066695
833066713
833066784
833066866
833066923
833067014
833067199
833067288
833067365
833067384
833067402
833067498
833067509
833067523
833067530
833067548
833067562
833067570
833067612
833067637
833067669
833067676
833067740
833067822
833067861
833072171
833076757
833077688
833089758
833090842
833091015
833091339
833091951
833092462
833092882
833093361
833093386
833093660
833093678
833093685
833093849
833094709
833095088
833095348
833095743
833096012
833096910
833099026
833099204
833100051
833100471
833100578
833100813
833101356
833101655
833102928
833103535
833104427
833104943
833105041
833105415
833105504
833106410
833107264
833107302
833108112
833108703
833108984
833109157
833109627
833109869
833110063
833110330
833110686
833110775
833111261
833112185
833112648
833113650
833113771
833114446
833115092
833115364
833116333
833117168
833117314
833117435
833118633
833118829
833119354
833119991
833120075
833120812
833120901
833121049
833121960
833121985
833123025
833127568
833131214
833132864
833133069
833134107
833136332
833136777
833147752
833149625
833149689
833150346
833152728
833153449
833153602
833153851
833154857
833155126
833155489
833155603
833155749
833155941
833155980
833156146
833156235
833156616
833156662
833156922
833157275
833157390
833157554
833157892
833158211
833158492
833159249
833159509
833159562
833159832
833160041
833160319
833160422
833161606
833161684
833161816
833161944
833162843
833162996
833163129
833163281
833163589
833163596
833163774
833163906
833164144
833164207
833164506
833164698
833164770
833164823
833165348
833165633
833168173
833169574
833169962
833170135
833170174
833170217
833170434
833170830
833170943
833171244
833171479
833171714
833171792
833172638
833172830
833173430
833175463
833176000
833176914
833177667
833178872
833178961
833179166
833180040
833180229
833180460
834000093
834005554
834008570
834008652
834017612
834017644
834019346
834019353
834020341
834020462
834020779
834020971
834021055
834021112
834023049
834023405
834023921
834024350
834025000
834025139
834025146
834025203
834025267
834025452
834025468
834025484
834025502
834025566
834025616
834025673
834025687
834025726
834025737
834025769
834025872
834025897
834025947
834025954
834025986
834026052
834026223
834027777
834033214
834037821
834046852
834050338
834051415
834051707
834052008
834052093
834052339
834053074
834053103
834053117
834053156
834053302
834053590
834053786
834054144
834054354
834054468
834054564
834054817
834054863
834054870
834054977
834055091
834055565
834056298
834056800
834056921
834057304
834057489
834071122
834071139
834071147
834071161
834071752
834072128
834072523
834072780
834073066
834073205
834073244
834073504
834074435
834074652
834074848
834074927
834075003
834075487
834075640
834075829
834076094
834076411
834076450
835001098
835007813
835008527
835011167
835011224
835012301
835012447
835013079
835013289
835013307
835014359
835014537
835014576
835014590
835014619
835014672
835014850
835014882
835014989
835014996
835015072
835015125
835015151
835015169
835015176
835015190
835015219
835015226
835015233
835015265
835015330
835015347
835015404
835024296
835024314
835024403
835024780
835025042
835026755
835027666
835027770
835027997
835028647
835030025
835031390
835032791
835032909
835032930
835034447
835037151
835040336
835041947
835043421
835045212
835045283
835045447
835045504
835047448
835047619
836000469
836000686
836000832
836001231
836001394
836001813
836002041
836002057
836002096
836003294
836004955
836005039
836005135
836005174
836005377
836005594
836006283
836008188
836009824
836012090
836015211
836015528
836015649
836015688
836015720
836015898
836016822
836017696
836018022
836018428
836019462
836020258
836021591
836022490
836022864
836024274
836026617
836026670
836027701
836030448
836031361
836031685
836032463
836033370
836033768
836034051
836034795
836034820
836035139
836035865
836036903
836037154
836037371
836062360
836143289
836143499
836143549
836143691
836143710
836143741
836143816
836143969
836143990
836144003
836144067
836144081
836144131
836144149
836144188
836144261
836144284
836144359
836144462
836144747
836144932
836145009
836145048
836145322
836145354
836145450
836145564
836145596
836145646
836145653
836145660
836145728
836145735
836145849
836145952
836146043
836146456
836146560
836146634
836147113
836147234
836147483
836147864
836147896
836147921
836147953
836147960
836148496
836148507
836148521
836149057
836149274
836149517
836149938
836150091
836150134
836150440
836150796
836150853
836151058
836151581
836151898
836152256
836152313
836153251
836153543
836154093
836154499
836154937
836155697
836156525
836157036
836157520
836157958
836159425
836161668
836161885
836163861
836164433
836164550
836173688
836185078
836220294
836220401
836220426
836220433
836220974
836221318
836221670
836222345
836225074
836225334
836225423
836225590
836226429
836227207
836227335
836227666
836229311
836229756
836230559
836231248
836231522
836231725
836232033
836232898
836232955
836236238
836236265
836236455
837002494
837010249
837010345
837011223
837021459
837023663
837026118
837029317
837033109
837035366
837035672
837035843
837036347
837036475
837037253
837037876
837039051
837039813
837040305
837050293
837052294
837052668
837053186
837053492
837053567
837054548
837055721
837055835
837056467
837056524
837056809
837057156
837060572
837060857
837063547
837064026
837064970
837065369
837065719
837065893
837065936
837066073
837066148
837066162
837066276
837066319
837066437
837066461
837066632
837066707
837066785
837066792
837066828
837067008
837067271
837067385
837067392
837067428
837067442
837067524
837067556
837067951
837068010
837068124
837068284
837068334
837068520
837074426
837074771
837074853
837075605
837076982
837077689
837077867
837077924
837078008
837078054
837079010
837079380
837079779
837079971
837080404
837080564
837080639
837080952
837081068
837081246
837082832
837083489
837084462
837084616
837086720
837089143
837089385
837089652
837089677
837091023
837091547
837095057
837095865
837096013
837096433
837097072
837098128
837098352
837098797
837099066
837099205
837099301
837099970
837100853
837100981
837101229
837101357
837101439
837101617
837101784
837102217
837103174
837103536
837104321
837105213
837105284
837106169
837107068
838100347
838101680
838101698
838101748
838101940
838102184
838102540
838102661
838107181
838110099
838112901
838123381
838134506
838138732
838143665
838164450
838165850
838166596
838167506
838168266
838168348
838168469
838168476
838168533
838168597
838168661
838168750
838168953
838169133
838169140
838169261
838169286
838169304
838169382
838169521
838169699
838169852
838169941
838170107
838170139
838171757
838172097
838174415
838174881
838175022
838176010
838176409
838176957
838177062
838177176
838178157
838178812
838178876
838179330
838180400
838180539
838180628
838180731
838180756
838181185
838182173
838182216
838182401
838184078
838184637
838184772
838186517
838187731
838188870
838189431
838189794
838190145
838190394
838190444
838191724
838191966